20693000
13189000
11541000
10528774
10187595
9110347
8851080
8481415
8249117
8174100
7613303
7438376
7216040
7136300
6080671
5312000
5084038
4890893
4878723
4385264
3520000
3500000
3398889
3233527
3144005
3140853
3040740
2832398
2891082
2792508
2665657
2648532
2618772
2600603
2453779
2345908
2268265
2207850
2135498
2011725
1942254
1879251
1838939
1789635
1749673
1740661
1729040
1711324
1702061
1652171
1659600
1640507
1616000
1613375
1574387
1518083
1504991
1487028
1431649
1399981
1381830
1369797
1331254
1300000
1289626
1241664
1235227
1184045
1171880
1154589
1111838
1097133
1090295
1088044
1080790
1080487
1076689
1070200
1044993
1030594
1005231
1045769
1010970
1103865
955629
926883
925000
907802
902388
898150
877363
843240
824738
813097
812026
797000
794814
778567
770284
