1,1,18,18
1,1,36,134
2,2,27,29
1,1,13,13
2,6,7,7
1,2,5,15
1,1,1,1
1,1,11,11
2,3,21,21
2,5,11,31
1,2,9,9
1,1,2,24
1,1,3,26
2,2,110,123
1,1,6,6
1,3,5,5
1,2,3,58
1,1,22,22
1,3,4,4
1,4,6,10
1,4,4,37
1,1,1,1
1,2,7,7
2,2,3,3
1,2,11,18
1,1,4,4
1,4,4,43
1,2,7,10
1,2,34,34
1,3,3,34
1,2,2,2
1,4,4,4
1,1,28,58
1,1,18,21
1,4,7,25
1,1,9,9
1,1,10,92
1,2,2,12
2,5,53,73
1,4,4,4
1,4,4,4
1,1,1,1
1,13,19,19
1,2,4,12
1,3,3,8
1,4,13,23
1,1,1,1
4,5,7,7
1,2,7,7
1,1,1,29
1,8,8,8
2,4,5,5
3,6,21,73
2,3,7,14
2,2,5,5
1,2,8,8
1,1,22,22
1,1,2,2
1,2,15,20
1,2,22,22
1,2,2,2
1,1,9,11
1,2,7,7
2,10,15,15
1,5,5,55
1,1,1,1
1,1,6,33
1,1,1,1
1,1,5,42
1,1,14,45
1,3,4,4
1,1,16,16
1,1,1,1
1,2,6,14
2,2,9,9
1,1,7,7
2,4,4,4
1,2,10,67
1,1,10,10
1,1,30,30
1,4,6,6
2,2,28,28
1,3,3,4
1,3,3,24
1,8,22,22
3,3,10,10
2,2,4,4
1,2,3,3
1,1,2,26
1,1,9,23
1,1,2,35
1,1,1,1
3,3,3,23
1,2,20,32
1,2,18,29
1,2,7,7
1,1,23,30
1,2,6,68
3,3,21,21
1,1,13,28
