1361130000
1236590000
317088000
237641326
201032714
184826000
173615000
152518015
143500000
127300000
118395054
98669000
90388000
86613986
83661000
80523700
77063000
75627384
67514000
65926261
65806000
63705000
59829079
53259000
52981991
50219669
47327000
46704314
45461627
44928923
44354000
40117096
38533299
37964000
37900000
35357000
35158304
34035000
33085800
30475144
30183400
29793400
29195895
28946101
26494504
25500100
24895000
24658823
24527000
23700715
23361147
23251982
23202000
21898000
20696070
20609294
20386799
20277597
20121641
17322796
17129076
17099000
16807100
16634603
16363000
15616500
15438384
15302000
15135000
13567338
13092666
12973808
12825000
11296000
11167578
11167325
10833431
10824200
10815197
10562178
10537222
10512900
10496000
10413211
10323000
10163000
10027254
9906000
9625444
9465500
9445281
9235100
8555072
8501502
8264070
8092700
