-3.4551
1.9068
-0.005895
9.4699
2.5317
3.4268
3.4867
1.9625
-3.1871
8.5744
3.3773
-0.083034
1.6181
7.0815
2.7656
2.8358
1.2868
-2.275
0.17178
-0.29985
2.5144
2.7669
1.7534
4.493
1.2573
3.0033
-0.30319
-0.64762
1.4193
4.7734
2.8824
3.1931
0.16962
0.23698
4.0185
3.6357
-1.6779
-2.1996
5.3479
2.2175
1.8187
3.4365
1.9785
2.9385
3.7042
-2.5482
2.3442
2.1867
3.5114
3.2158
-1.4293
2.6956
-0.69843
1.2374
2.6168
5.1663
3.6944
3.1001
-1.9697
2.6332
5.8186
-4.0467
3.6865
-5.0797
1.3854
3.4947
-2.8174
4.5782
2.9097
5.176
3.7605
0.96229
3.277
2.2397
-3.3654
3.3151
3.3134
3.573
2.6386
1.9452
-5.7589
6.9451
-0.47314
0.13879
4.8005
0.60052
-0.69745
4.2238
1.5381
-1.0651
7.2438
1.38
-0.022124
-1.7627
1.3222
6.9596
4.1844
-0.78264
1.6942
4.8832
6.9745
1.911
-0.15332
3.1655
-1.0941
4.944
-0.53264
0.43522
-3.6732
-0.55586
3.0738
5.8946
5.6269
-2.538
1.2301
2.2742
2.2562
2.9513
2.8406
0.73845
1.5813
0.22095
0.24527
5.0978
-1.3257
1.2176
-1.2471
4.234
-0.9665
-2.7954
-1.5711
3.9369
8.706
0.56942
4.7756
7.1393
5.9478
7.1417
0.50018
5.4202
1.5668
-2.1552
1.2315
3.3636
7.8047
4.9931
3.0569
5.2521
0.75632
-1.632
0.23805
-1.2564
5.2472
1.894
-1.2701
1.6781
-0.23685
1.3571
6.5728
6.7744
0.067855
1.1769
3.5723
2.6423
0.76671
5.367
-1.9576
9.94
1.2261
3.504
0.18142
-0.76199
5.7019
2.4156
2.9927
2.6772
4.3889
7.5184
4.2961
4.3626
6.0169
4.996
-1.1503
1.5075
-2.5755
4.0449
8.0075
7.0403
5.0631
-0.51371
0.088441
2.8393
1.9045
4.9038
6.2432
1.5466
2.0847
5.5856
3.7678
-2.7405
-0.13458
0.043325
-1.6778
1.7556
2.6942
6.4815
4.4186
5.7885
0.038937
3.2658
7.2071
0.35662
4.3198
6.1207
-0.81944
3.7639
-0.42026
0.87589
0.30174
0.79394
1.3733
-0.2107
0.41503
3.8027
7.3108
-2.3252
1.484
3.3249
3.7531
5.1581
2.6941
-2.9257
4.3033
4.9945
0.65205
1.3475
0.55192
1.8074
-0.5054
5.8643
-1.3384
1.1565
6.268
3.456
1.2145
1.0209
3.4614
5.0083
4.4533
7.5082
-0.7265
1.7599
-3.7796
3.5268
4.503
2.5459
-2.7596
-3.8851
7.7628
-1.4474
5.1089
1.7853
2.0649
0.46889
4.0066
1.8284
-0.90552
1.3624
2.2486
1.903
3.6341
3.5052
-5.2426
-0.065478
1.958
3.7224
4.3547
3.9193
1.1587
6.6292
-0.1279
-2.1137
3.5763
5.1926
5.2112
3.8669
4.9243
2.7742
6.9971
6.3583
2.5776
4.6476
5.6301
6.7998
1.9029
6.0734
5.5799
5.2257
5.9009
1.9781
4.1585
5.5729
0.9739
-1.5424
4.2764
2.9031
3.6501
2.2608
-0.23945
3.7482
5.0994
3.1751
1.6598
2.1779
1.6159
-1.8433
3.0952
5.4862
2.4756
0.6062
4.288
5.9272
3.6645
3.7807
2.9649
0.57607
2.6968
5.6859
2.132
4.4188
2.1183
4.0707
0.44118
-1.2708
-5.0061
4.496
3.3404
4.4843
4.0135
-3.0327
2.6101
8.1045
5.092
1.8475
0.8954
1.2041
3.0744
2.8561
-0.3837
0.93673
1.451
5.5895
5.3534
3.2077
-1.4828
3.0205
4.6503
1.7209
-1.621
0.003201
4.6477
2.094
3.4496
3.2343
4.5562
5.1716
3.6245
3.9594
3.4016
-1.1341
5.0825
5.4432
3.2873
1.581
0.59649
-2.3938
2.3892
4.1215
5.1809
1.9234
0.85231
7.4612
7.4349
9.4759
-0.51173
-1.5515
2.7878
3.4671
4.355
0.82454
1.7036
1.3751
-3.613
-0.16638
2.502
1.0531
4.8254
4.0805
3.197
4.161
8.4642
1.5446
10.291
7.8735
6.0941
-3.6065
0.60525
-1.6516
2.9063
-0.8752
0.98009
6.7337
-1.3848
-3.2401
0.057187
1.5311
4.3518
2.6546
1.243
3.0038
-1.1147
3.2031
5.4101
2.2392
5.8569
1.3021
5.3597
-1.738
2.4357
4.0094
-0.84412
-2.1297
0.52647
1.523
6.3705
-0.71695
5.4327
1.522
0.44239
1.247
8.7086
0.45201
6.8418
2.5567
0.7922
4.4175
2.6591
2.0429
3.7462
0.87209
8.6511
2.5971
4.72
5.3508
-0.50019
6.7175
5.2549
0.059944
3.2462
-0.44299
5.9911
2.2202
5.0292
2.4778
3.1041
0.81735
0.92259
1.736
9.5769
4.9116
3.9853
3.9491
9.495
3.672
4.2652
0.45956
2.2439
-0.81414
3.9376
0.2918
6.3944
5.2366
2.1012
1.2264
-1.8233
4.852
4.8745
2.0013
8.6121
4.0826
4.106
2.3694
4.6059
0.071548
2.0111
-0.68569
-1.3938
-3.213
7.0693
-3.7955
9.3657
4.5921
-4.044
2.0289
4.9545
0.23487
4.6872
-0.81324
2.5946
6.8712
3.4227
6.017
2.4966
0.25908
3.8407
2.4611
8.6904
-0.1588
2.597
-2.0852
7.181
4.2813
6.5513
1.5403
3.6513
6.2041
1.42
4.0076
-1.9171
1.4206
1.9414
0.19992
-2.431
3.1628
3.0206
4.1673
5.2056
-0.32359
3.0869
2.735
5.8927
5.0742
-0.05154
-3.1452
-0.13554
5.2668
2.2779
1.6888
0.20977
0.42493
3.6896
4.5744
3.8192
2.8401
5.8071
1.7588
2.2511
-0.63856
2.9018
1.8576
-0.75963
3.9657
3.11
8.4844
3.8502
3.8535
1.7708
-0.97726
-1.259
3.3151
6.9013
3.4334
5.1597
0.82957
3.2407
1.5086
-0.076547
4.5323
1.4583
-7.3508
8.1043
1.4037
3.4489
0.93684
2.7694
1.5162
2.1157
0.99531
-1.011
0.92365
3.1825
1.7157
7.093
11.586
0.032613
-0.31707
-0.85897
-0.6268
1.9637
3.3363
2.7646
-1.6205
6.8771
5.1759
-0.65852
1.5884
0.84263
2.1165
0.38025
0.15403
2.8442
1.3922
2.2935
1.2454
1.8654
2.9422
0.33757
6.4567
4.1154
-5.9662
0.31189
4.2318
5.1072
-1.9794
7.5991
2.1807
-2.2079
1.0251
0.35213
7.0114
-4.2731
-0.12128
3.4605
4.5288
-2.5744
6.4041
-1.9265
-0.3465
1.2603
4.8285
3.9522
2.3153
4.932
0.66938
7.0166
2.5758
-3.2247
-0.4122
-0.65694
-1.0895
4.2824
-1.3234
2.2994
1.9354
-0.02086
2.6264
0.19201
7.8439
-2.2301
3.0953
0.80086
1.6715
-2.8911
4.8249
2.9483
5.5868
4.1633
-0.086469
-1.3655
0.76749
3.8586
-1.0148
1.5653
-4.2572
-0.65324
3.7203
4.7494
6.4728
3.5597
3.3838
-0.63486
-3.6365
5.2836
3.9141
3.6366
4.2627
0.98604
5.668
5.1796
1.4342
0.45217
2.1481
4.3076
5.7496
5.2684
-3.3787
3.1838
-6.9066
-2.4963
-0.23895
2.4326
2.1269
1.9321
5.4115
2.6517
4.945
2.0716
-0.44328
-1.2589
5.8993
1.0521
3.7518
2.2805
0.7287
3.6816
-0.22723
5.0609
6.1352
7.7611
4.3277
5.1065
4.6648
-0.72458
1.954
3.5574
-1.1289
1.6296
-1.9492
1.5131
2.9841
3.3084
4.3504
5.2422
1.6534
5.1837
5.4049
1.8293
2.6323
5.0283
2.1018
0.11973
0.77486
0.36963
-0.95229
5.9987
-3.955
2.0235
2.6889
2.9189
1.6596
-2.281
0.66734
-0.78344
4.3627
1.1202
3.727
2.1096
0.62286
0.093809
-1.8599
-0.097521
0.46634
1.9693
3.5428
2.9903
4.8711
2.4446
5.37
1.754
1.4296
4.7456
3.267
2.7151
0.94696
1.8409
-0.33701
1.7219
2.8847
7.0846
0.97417
1.0341
2.9774
2.7392
2.3291
2.6228
-3.8486
6.2421
4.1541
1.0422
0.33614
0.22956
-2.7378
1.5555
5.8801
-2.3907
-2.9356
2.2277
-1.7446
1.4384
0.046205
3.5952
1.0063
2.6656
3.5617
3.5146
3.7512
1.42
-5.1084
3.0566
-0.48752
3.8955
-1.6789
5.3721
-0.40379
0.33255
3.4945
9.3359
-0.53588
7.6685
3.7713
-0.37881
4.5926
2.9655
0.89019
0.98868
-3.8542
1.8176
3.8923
3.0936
1.3042
5.4952
1.1108
4.1475
-1.1733
1.7209
3.1589
4.4637
2.4161
3.3294
6.0683
6.0326
0.61063
3.0039
6.942
2.8009
2.3945
6.5565
4.9761
0.3288
2.3114
-1.0722
1.5539
4.996
-1.5643
5.3648
1.1473
0.20772
0.096743
-4.0892
2.0172
-1.1561
-2.7375
2.285
0.53751
1.1022
2.6726
2.7931
1.2497
1.4441
1.1065
1.5309
-0.50642
-1.6224
-1.0759
3.8836
2.3163
4.9996
5.84
0.0088867
-0.87002
-3.2819
1.6667
4.3739
6.7946
2.5282
0.90563
2.9609
-0.16537
2.5718
2.0575
-1.4154
1.2907
3.6876
6.574
3.9508
8.1276
0.21914
2.8553
1.7994
2.7425
-0.92892
1.9898
1.3539
1.1802
1.2072
1.5252
2.3265
6.1877
1.1628
2.284
-2.6408
2.8582
2.5423
0.35899
3.4106
1.44
1.4856
-1.0878
4.9319
-0.46685
2.6234
2.6568
4.4553
4.5172
-1.7658
6.1716
4.0203
-0.54866
-0.66907
1.0715
0.69249
5.1965
5.3559
2.9339
5.3791
2.6295
6.2798
5.9559
-1.5063
4.8089
3.4039
1.6407
4.8227
0.94974
0.60246
3.9994
1.9822
2.5868
5.7418
0.81336
3.0251
4.603
-1.1958
2.6087
1.7911
3.6718
3.0862
2.3874
-0.16416
5.0701
6.7786
3.777
4.8358
2.4447
1.1167
2.8418
-2.3581
7.2778
5.0916
-3.1983
-1.6384
4.0261
1.817
2.2087
-2.5064
2.6765
2.8416
4.2053
-2.1181
5.3608
-0.88482
2.4816
6.84
6.2885
3.4646
5.4858
-1.1577
4.7722
5.0409
-0.78749
2.717
10.875
5.1854
6.0347
4.1212
-1.1735
-3.3967
2.0594
-0.74732
-2.0336
1.8841
3.5961
9.059
0.92126
2.5715
10.124
-0.81151
3.0593
1.5002
6.2525
2.6351
6.1143
3.5353
4.5737
-2.717
0.099544
-1.6696
-2.2347
5.0343
5.4316
1.8889
-0.67119
5.4332
7.774
4.4102
-0.16646
0.95206
4.4096
2.4867
5.3793
-0.64574
6.9085
1.4364
0.1661
-1.2249
4.8673
1.2915
1.4774
1.1681
-0.8192
0.17481
1.9424
8.8083
1.1701
4.6961
-0.52608
4.9193
4.988
4.4466
3.4148
-3.1756
1.8752
4.1042
-3.1279
1.0433
5.8926
2.4013
6.3689
1.285
6.016
2.7794
4.3348
-2.0252
-2.1386
3.7651
1.2239
-3.1755
0.9408
1.2333
-0.26431
-1.4405
2.9653
3.3069
-0.10747
6.2712
0.83777
-3.6421
2.3687
4.7409
-3.3926
7.9325
1.428
-0.16864
3.1511
0.68151
5.1492
6.2837
3.6122
2.2835
-2.81
0.0086207
2.3654
-3.6947
-0.8618
2.7485
-1.3957
-0.013694
3.2038
2.8683
2.6557
9.6227
4.3118
0.26141
2.4456
5.7815
7.7262
4.3539
-0.034111
4.3566
4.005
3.8758
2.139
1.6464
2.5908
0.50347
4.0831
2.1479
6.295
4.5369
2.979
6.2945
4.9049
3.3201
-0.43179
6.2978
1.921
1.2452
2.3904
5.505
2.6557
-1.1098
1.4575
-0.11863
1.4846
-1.454
3.3673
1.2656
-0.35157
0.55624
6.1113
-1.2852
3.7581
2.8068
-1.2809
2.4202
-0.47603
4.8076
3.9538
1.9489
-0.66762
0.74038
0.8056
3.3362
6.0387
4.5761
0.96467
-3.349
0.092332
3.358
-0.88337
2.2845
6.7179
7.1764
2.8275
7.6094
4.0095
4.4268
3.9697
0.82087
2.8881
3.8532
5.8566
-5.4141
-0.26197
6.46
4.2558
2.9534
3.8678
5.8498
-0.53586
3.5331
-3.3428
2.6963
2.5885
6.08
0.095787
3.9363
5.1674
0.17988
3.2349
2.4463
1.7785
0.80523
0.31309
-1.2039
0.91006
-0.49012
2.1615
6.9951
1.4112
5.2149
3.7639
6.3515
2.2806
2.0017
1.8461
-1.3524
8.3975
-1.981
1.928
1.2006
2.5209
-1.9935
4.6357
2.1704
1.6131
6.5653
4.324
7.4564
6.2434
0.65851
1.5324
6.0416
1.0486
2.0745
0.9531
3.552
5.5258
0.47322
0.79442
5.1612
7.4306
5.1572
-1.8186
2.0948
3.2435
2.5185
0.71317
-2.9674
5.9208
5.4847
4.4699
1.1666
-1.6435
4.0506
-0.28381
1.5808
6.0491
5.1846
1.3126
3.3987
0.31156
-0.052608
1.7057
-1.5609
7.965
3.8116
0.012908
2.279
5.1814
1.7787
1.6104
4.6334
6.7296
4.9063
2.7074
3.8916
2.3697
0.95515
0.32462
-0.055558
-0.24109
2.3326
-2.4652
1.9159
-2.2397
1.4948
-0.4608
2.7375
5.2194
-2.7399
0.054068
0.05299
0.91789
1.7185
-0.48709
1.5312
5.2798
2.7321
0.80282
3.2163
3.9317
-3.0299
1.7755
8.2601
2.4721
2.8244
7.0289
-1.3148
4.8592
1.378
3.044
4.108
1.6769
0.39198
4.2261
1.9308
2.6261
4.0894
5.0039
1.5553
-0.61977
3.5784
6.2317
0.44003
3.7983
6.5429
2.0815
3.2917
1.9692
-0.47425
-0.10264
-1.3922
1.7956
7.7086
3.0011
7.1842
-0.39403
0.80155
7.5029
-1.7769
-1.6113
8.2899
5.2537
3.0056
2.491
5.6467
4.2502
4.5562
6.6086
6.1575
3.0188
-1.748
6.411
-0.70459
-5.1797
3.4406
2.747
0.53466
2.7475
6.4558
3.3346
1.4375
2.6141
-2.677
-2.1668
-0.90752
-1.1329
8.9224
4.0128
5.2647
1.4321
0.10447
4.6912
3.5283
1.0275
-3.0782
8.5653
8.3612
-0.91107
6.0435
1.4158
0.44195
-0.81499
0.92782
2.7989
-2.0045
2.6442
-2.3091
1.7852
-0.57145
6.0653
0.19236
1.6241
3.5825
1.6769
0.56809
-2.9977
1.1178
5.723
3.5565
-1.1781
5.1672
1.8852
4.5194
2.7552
-4.6599
-0.89908
7.0907
1.7296
0.46469
3.1174
4.023
0.11906
3.218
-1.5023
0.24994
0.42324
2.8657
8.0498
4.0894
-0.43411
-2.7355
-0.051146
6.7818
3.8646
-0.96219
6.2982
-0.23705
2.1903
0.19467
2.2613
0.24338
0.072968
0.07229
8.403
-3.7177
5.3693
0.9102
3.9535
5.4032
-2.1004
4.5217
1.5358
-0.7918
2.2043
2.0238
3.2239
3.5109
1.3837
4.5451
3.2234
6.1224
6.5715
0.82831
1.4702
5.5104
8.3818
6.1923
2.2972
2.935
7.1284
-1.0677
1.5622
-0.075551
6.4912
-1.4513
0.73639
2.4814
3.2906
1.1091
-0.74884
1.3064
1.3227
-1.2554
-1.7147
2.9117
4.3837
3.9012
2.2996
0.42062
-2.6764
-0.72769
0.43625
1.4074
3.0293
2.9622
4.7554
3.3214
-1.9032
4.6304
-0.95186
0.85171
0.052087
4.1542
-3.0367
4.0255
0.0058027
-0.36831
-1.8025
-0.30885
-1.5167
-0.5463
5.6951
1.5934
-1.0223
5.7061
3.9825
3.306
0.52433
4.1794
0.22118
-0.19565
0.34376
0.79971
3.7476
4.8808
-3.825
0.79008
-2.1579
5.7917
7
0.23235
4.794
3.8516
3.3644
4.9672
4.4607
2.918
0.019635
6.7654
-0.77548
1.9815
1.2101
5.2704
5.8345
6.163
6.5078
-1.9683
3.3816
2.3264
0.40611
2.8458
1.353
-1.4194
-0.1195
-0.59976
-0.40179
1.8972
2.8906
-0.65253
-2.3619
-0.87053
4.1159
4.8846
-1.9766
3.3437
0.93152
-0.50775
3.1387
-1.8822
-1.8455
1.1393
-4.6748
-0.15079
-1.7409
-3.0697
-0.37941
2.4014
1.332
8.8715
1.7607
-0.39116
4.4013
4.1325
-0.55659
1.9231
-1.2515
1.1573
1.3095
8.5882
4.3116
-1.2701
-2.0602
0.13124
3.3081
7.8974
0.43399
1.7589
-2.4841
5.9028
4.0562
4.9252
4.4868
-3.9731
5.6555
2.0906
0.44332
0.90842
5.5545
8.0015
5.3405
7.7272
0.66271
-2.2879
1.1151
-0.95067
-1.0356
1.1603
-2.2075
-0.42768
1.9584
2.6272
-0.085521
1.4934
2.2016
1.2147
4.3975
-0.42783
3.6589
6.8041
7.3072
0.72524
3.8005
-0.64003
3.7053
-2.7164
-2.8759
-0.46225
-3.2049
3.8006
2.512
5.2644
3.2215
4.2508
-0.66086
4.9022
2.217
0.32598
5.7147
4.5375
1.7373
3.1298
1.1717
-0.24078
2.9283
1.4859
1.1302
3.3865
0.86894
1.319
7.3001
-4.5158
0.0019164
-1.51
8.4106
1.5303
7.213
2.8356
2.4852
-1.2324
-0.92003
2.0874
0.4303
8.5025
-1.1277
6.474
3.5745
1.2777
-0.80319
0.056407
0.26468
-1.7502
6.8741
-0.14347
-1.3517
2.3508
2.3602
-1.8501
0.87647
3.0299
6.1601
1.2468
5.0659
-2.5564
1.0812
2.816
-4.9551
2.9737
0.42912
-1.035
5.8258
3.1831
0.040211
1.1953
-2.0241
-0.85901
6.3968
8.3174
4.5772
0.089001
3.3303
0.67215
0.18534
5.2649
8.2804
3.1268
5.2484
0.21143
1.4961
1.2836
6.2791
0.9573
2.3704
4.1132
1.0101
-0.48423
1.6381
0.14764
0.66916
4.9231
1.9656
4.7637
-1.7864
2.0077
-1.4295
2.2603
-1.2222
3.265
4.7908
1.0184
2.7945
4.8724
4.2652
2.4395
-2.6673
0.95391
-3.6733
1.1748
4.9451
3.7211
9.5799
1.7213
4.4224
2.6262
-0.51236
2.3938
0.58961
-0.46627
0.49145
1.6984
10.231
0.71338
0.22471
0.12895
2.296
5.743
-1.1827
-5.0639
2.0432
5.2892
-4.9435
4.6123
6.052
2.8227
-3.579
2.3601
3.9929
4.7957
4.427
4.4999
5.6762
-1.2951
5.4034
-2.9712
2.4602
3.2807
5.5871
-0.63499
2.8457
6.3056
3.4811
4.5667
2.2048
0.51391
5.3213
4.1169
5.5652
0.93878
2.4642
5.4375
-0.89482
3.9982
3.721
6.9578
8.2045
6.2277
-1.0763
-2.6094
-1.7253
4.4741
0.71086
-0.91577
1.7355
1.987
-1.7851
2.3749
-0.96969
-0.20639
5.0087
0.69432
0.20436
6.8
5.383
3.6046
3.2356
-0.42271
0.25599
4.6559
2.4807
0.67664
8.5122
0.53117
0.29551
0.816
-4.8582
3.8696
5.4719
3.9109
-1.3051
-1.4326
4.916
0.38436
5.7627
-1.1025
3.91
-0.59045
0.69664
0.26738
6.057
4.7021
2.8821
6.1627
-0.57383
-2.8463
3.6084
2.482
2.5043
-0.47683
4.4239
3.7964
-1.667
2.1675
5.9265
2.0224
8.3772
2.5157
1.5606
-1.5451
2.3623
4.0921
7.9605
-0.13108
1.6693
2.5325
3.3061
3.5903
6.7398
4.4327
0.62046
9.5096
0.64789
3.5739
6.7768
6.98
-0.72664
1.7846
-0.021956
1.8818
1.835
-1.5183
3.437
3.5606
1.7162
0.96234
1.2853
-4.3495
-1.2206
-0.4323
2.7547
2.9692
1.0413
4.0521
3.057
4.861
2.1812
2.5834
4.1629
2.3919
5.5097
0.43399
3.6778
1.8499
3.6038
-0.20788
4.6948
-4.9217
0.22272
8.7928
7.2663
2.5069
-0.72707
0.55077
0.24854
3.9828
7.2355
1.8935
2.1412
1.8229
6.0475
1.4612
3.2467
-0.70948
4.5082
-1.434
3.6712
-0.51179
11.665
3.049
-0.13561
1.6984
6.1266
2.3471
-2.3859
4.7154
1.7042
-0.52427
6.5097
2.8905
-0.89857
7.2587
5.6317
-1.6438
2.9843
4.6432
0.021711
3.5185
1.9373
1.6602
-0.81096
6.3378
3.7426
2.1786
2.901
6.5613
1.6114
0.22908
3.5076
5.0171
1.1476
-1.5506
-2.8417
-1.0965
6.9054
5.2692
-1.2113
1.7348
3.2319
0.31565
3.2912
0.14913
-1.0366
-0.58003
4.1363
1.0042
1.1484
2.1884
-0.62714
0.68327
4.2675
5.2807
2.2091
2.9894
-0.023729
0.85652
1.0806
3.8712
1.5569
5.7369
-0.76485
3.2068
0.36184
2.3793
2.6629
-4.1376
1.6761
0.22087
8.2035
5.4391
1.804
0.56051
1.6484
3.0203
5.3637
2.0293
4.8178
1.4079
5.7651
0.96423
-1.0281
5.7223
5.0992
0.73806
0.53086
6.4441
1.387
2.8863
5.7765
2.3989
-0.56549
1.4807
5.7733
0.18864
5.7235
1.8256
-0.60541
-0.3781
5.0284
3.297
3.1123
-2.147
5.8832
1.9065
3.5482
6.3274
-1.1916
3.5857
-1.6879
-3.4688
6.1701
2.5297
3.5934
-0.71549
3.362
-0.06552
3.7515
-0.29109
3.4247
10.467
4.7965
0.89286
1.5948
-2.2516
2.628
5.4732
5.7705
0.39336
3.4028
3.2192
2.4683
0.18358
0.1278
2.3131
1.0438
1.0166
3.8961
4.4432
2.1333
3.2317
6.0445
0.54729
3.4119
3.8025
1.5666
1.5942
2.2412
0.033364
6.7179
2.3154
0.0068143
1.3314
6.6734
-3.0546
3.8652
4.8545
4.5359
-1.8183
7.676
1.3852
3.1696
0.44239
2.154
-1.8153
1.2041
-0.11078
1.4801
3.3203
2.4802
5.1547
2.622
-5.8806
0.82296
5.6536
5.4493
8.2532
0.074383
6.3193
2.8117
4.4209
3.2502
3.5962
2.9807
0.98033
-4.8333
-1.4173
-2.3378
0.86318
-5.0916
3.3474
5.2139
-2.1742
1.9393
0.77037
0.87668
4.7026
1.624
0.58229
-1.0036
2.6148
3.179
2.6189
3.3596
4.4969
5.384
0.53218
2.5635
3.6708
2.4596
3.3293
-0.76763
4.1725
0.84753
1.7618
8.1445
2.0532
3.2135
-5.1199
4.963
7.1122
-1.1674
1.6293
0.073957
-3.7191
-1.7751
2.1677
2.3631
4.3732
1.2728
1.3006
6.964
0.11166
-0.12503
3.8169
3.9763
2.1986
2.3543
0.25579
5.9726
2.9227
4.558
5.665
4.4298
-3.9186
5.5355
0.68414
2.5939
2.811
-2.8359
6.8567
3.228
4.3973
1.8814
3.8655
2.2003
1.4865
5.4917
2.1032
-0.9789
4.0046
-0.016058
0.45577
0.64855
5.6474
2.7239
-1.0302
1.3236
4.0814
1.7642
0.84113
-4.1279
-1.2862
2.26
-3.1262
0.86459
0.7593
0.24289
-0.52457
4.8299
-2.7777
4.477
1.4075
1.4855
4.1931
3.7753
11.667
-1.8964
4.666
5.5861
4.3521
2.9196
4.1695
-6.0455
4.6736
3.4256
5.1142
1.2989
2.4914
2.0587
-2.1185
7.1733
-3.8495
2.4301
0.052955
4.5234
2.523
-4.2156
6.4308
0.037891
-2.0308
-0.018184
4.1123
1.2415
-6.0572
6.6392
1.2888
5.273
5.5525
3.6843
2.5894
6.588
-2.0054
0.32687
-1.5594
0.8855
-2.1549
6.2668
2.8123
3.9096
4.104
7.3573
0.32446
-1.867
-1.0498
3.947
2.8188
3.139
2.9705
1.4068
-2.8614
2.8963
7.1129
-1.2537
5.3322
6.4322
-0.22254
2.2202
3.0867
5.5984
5.586
2.6856
2.7082
0.67109
2.8695
-3.0044
3.8782
9.2118
5.6779
-2.1733
6.1981
-2.6924
6.1045
2.4669
-2.1749
-0.99601
2.9002
5.1833
-0.018268
-1.0791
0.30004
4.5153
4.9831
2.5346
6.6525
1.941
4.1777
-0.53911
3.1436
3.003
0.92958
1.2213
4.2839
5.0167
-1.2114
0.68249
6.4294
4.1173
8.3851
1.2433
1.7703
1.6873
1.8229
5.7576
5.4079
14.571
6.3372
-4.0556
0.30759
3.1112
0.17613
1.3181
2.0286
0.96362
-3.1349
2.3716
-0.65038
3.2023
-5.2304
2.7313
1.7774
3.392
0.70124
-0.97746
1.8097
2.9816
-0.37993
-0.98492
0.9749
-2.8101
-3.1876
-3.3577
3.2614
2.8185
2.4774
11.987
3.6519
4.2075
1.729
-2.5686
6.228
5.795
3.656
-3.8117
4.3604
3.3095
8.6989
2.4902
0.22493
-0.51496
1.3883
0.98645
5.5332
9.0885
-1.379
1.7298
1.6613
-3.061
2.8263
0.78651
0.4663
5.8456
4.2784
0.11834
4.9027
1.1912
0.44238
2.2529
-0.74549
1.0845
0.74969
1.4512
1.9374
8.2211
4.6147
0.82704
5.1232
4.7706
5.1611
2.4487
-1.7293
4.1617
3.3935
-0.69147
7.9167
1.2605
4.8043
-0.74843
6.5217
1.4907
0.7074
4.8523
1.5973
7.4086
7.8059
2.664
9.7405
0.50687
-0.21147
-1.5285
-1.4229
3.565
1.0631
4.5823
3.2172
0.40229
0.96471
-0.26938
2.9296
1.5834
4.7819
-6.7854
7.788
-1.0723
4.7851
-3.2719
4.2809
-1.3222
9.3221
2.4091
2.5992
-0.084234
1.1536
2.3997
2.3714
1.7798
-1.7006
-1.211
3.5962
3.5841
-0.22987
7.4888
2.3728
6.6908
0.20897
7.1071
3.0729
4.2626
-1.5272
2.5536
7.9413
2.3719
2.5454
5.1238
4.4144
2.0378
3.1979
4.5191
2.3185
-0.7616
5.718
2.9829
2.5077
5.7116
-3.0578
5.928
2.8123
3.8156
5.1639
-2.4813
8.0815
1.8962
-4.5158
-2.6246
6.1182
2.8403
2.1382
3.2339
-0.62807
3.3951
0.76957
3.0847
7.1015
4.1944
6.5124
5.8348
2.6009
1.788
4.4327
-1.2037
1.9104
3.9249
3.9703
0.47456
2.9836
2.3227
-1.1699
-0.45072
0.99884
5.5048
4.475
6.2729
4.9416
3.3084
2.3951
2.9176
6.2213
3.1058
5.3722
2.1987
-3.9724
1.3518
2.6988
0.30491
2.1597
-2.2127
0.28002
-0.10122
1.6154
3.6804
3.9993
5.44
5.3256
0.99312
6.9042
2.58
-0.66505
-0.52907
-0.56806
-1.5594
6.1877
1.5116
5.3375
0.75952
6.586
3.3417
-0.53352
4.6936
4.1116
-2.3783
-1.8871
2.7161
0.19358
0.73853
4.5923
3.1956
5.4582
3.1873
6.6761
1.2434
2.7238
2.1086
2.6984
-0.97498
4.3863
0.38366
-0.73488
9.9889
-0.80953
-4.5885
1.425
-0.3353
7.7257
3.8246
3.1279
1.0857
2.1251
-3.128
0.32719
5.6025
-1.3008
-0.032457
3.8337
3.2539
4.6509
5.0913
1.3118
9.4193
1.8894
4.9581
1.8952
3.0781
-2.0601
3.4161
1.4124
-2.1311
3.1362
-4.6482
3.4536
5.3507
0.44575
3.5856
3.2531
0.29872
2.5588
-1.2557
4.3616
5.2295
2.2124
0.71279
8.2624
-2.884
6.6111
4.9665
5.6807
6.2286
-5.2343
3.7113
2.4163
2.4148
0.12612
-2.567
-0.59933
3.4174
2.479
4.0675
4.6453
-1.0332
2.2551
3.8144
-0.17814
6.6832
4.9353
1.1642
2.5765
4.1625
0.33657
-3.3581
3.5885
2.5118
-1.3315
6.3935
3.8725
2.1475
4.0089
2.5964
0.46872
-2.8406
1.0142
3.3417
-0.65481
-0.7527
6.3594
4.3456
4.4663
-4.1457
0.64715
5.94
3.3176
-3.8337
4.9629
2.568
5.4577
-2.9394
5.0174
1.0192
3.6292
-3.6887
3.8904
-4.8604
3.2555
2.317
2.4911
4.8831
1.0937
1.0699
2.8851
6.4824
0.89674
0.1625
-2.0343
7.0927
4.4502
3.5569
6.6194
2.9807
0.24514
1.1841
4.3025
8.1918
4.4219
1.5163
2.2807
3.5702
1.4291
-2.3403
0.070663
0.19677
-0.93298
0.72051
2.4706
-0.61133
1.4039
4.9199
3.8038
3.6397
1.8327
3.8015
0.17713
1.9222
-4.5369
3.2538
-3.7178
0.039858
6.2288
7.3141
6.9893
-0.9725
0.0095669
1.8859
2.4262
2.0075
4.6295
2.3341
5.41
3.4256
3.1136
0.88498
3.6676
4.9843
6.3814
4.014
-2.3746
7.8511
0.63287
4.4151
-6.2218
9.6904
-1.199
0.18868
1.287
3.2182
-0.87719
5.2709
-3.7785
2.2165
2.6172
1.3741
-3.1588
3.2796
-0.56665
4.269
1.5879
4.7417
4.4493
3.0791
3.0303
1.566
4.3945
-0.39701
1.8699
1.9499
1.0172
1.0649
0.63162
3.9171
6.6697
5.6272
-1.6393
2.6947
3.4826
-0.28192
1.8229
4.3313
-0.60437
2.2054
5.0537
2.0038
5.4791
3.6928
0.28034
6.7284
2.8691
-1.8502
-0.054643
-0.74943
-4.6503
1.9659
2.9719
3.7804
3.704
3.6539
-0.0045549
-1.0183
3.2858
0.33819
2.6727
0.56247
1.5872
5.4953
0.46929
-5.3073
1.1367
2.8386
5.6488
1.3283
2.2599
3.8711
4.1502
5.5839
-0.35394
3.947
0.55892
2.6144
6.2112
0.78389
6.8999
2.1751
0.56783
4.355
-0.70699
0.93693
1.2618
-0.31824
4.1936
5.228
0.32477
4.6495
-0.77801
3.9677
-0.27126
-0.28688
5.4255
1.0758
-1.2173
2.4425
-0.6904
-3.2314
1.3301
-2.922
1.8235
-4.8857
-0.0060439
1.2418
1.2833
2.5459
-1.3175
2.7226
2.8207
0.17247
13.042
5.8584
5.0754
2.3417
-3.2907
-0.27559
0.49699
3.0578
-0.12353
2.9615
4.7208
1.3365
-1.5184
2.7515
3.426
-1.961
5.9065
2.1773
0.20926
0.9221
5.0593
2.3015
1.9179
0.29996
3.2088
-0.80049
2.9112
12.526
2.0825
0.43241
4.7138
0.11958
0.43569
1.5599
1.9113
2.9584
3.796
2.6062
-0.41732
1.2967
1.4429
1.397
6.4461
9.4461
0.47688
2.5185
3.5981
6.316
2.8651
1.8575
3.6322
-1.6978
3.0366
1.0468
-2.7922
0.45565
1.4147
1.9969
0.43017
4.3262
2.7816
-1.5043
-1.7699
4.8068
4.2091
-0.094263
-0.69453
1.5337
1.9218
2.4919
6.8023
6.5895
0.11323
4.6121
5.0115
4.9179
4.1914
3.6638
1.2755
0.35172
3.1422
4.2074
4.2806
-2.1749
0.95374
3.6959
2.2858
1.2112
1.6025
-0.37431
5.5132
1.5507
-0.98021
2.7642
-0.61561
2.9363
1.6979
4.932
-1.8176
1.9482
3.0268
-0.0513
2.2824
3.9398
-1.1481
3.8375
6.3761
2.4079
-3.1148
1.1762
7.3205
0.060073
5.383
1.2323
-0.10895
2.4646
1.3071
4.6833
1.321
-1.9736
1.0448
-1.2778
6.9846
4.3481
3.9701
5.4753
2.4558
1.1785
-4.0083
6.3822
1.067
3.6178
2.1575
3.6617
1.6351
0.26221
4.3538
6.5849
-1.4758
7.3885
7.9635
4.5364
5.2313
-0.39101
4.512
3.4816
6.226
5.6228
2.2409
4.0584
4.4745
-0.2976
4.6703
1.8599
2.5053
5.0967
3.7849
6.135
0.44
0.71021
1.2496
1.7265
2.7914
0.17917
9.189
3.5828
7.1354
0.34633
-0.56006
-0.81569
3.9605
3.7603
-0.18947
-3.5836
-1.7852
2.3591
4.5172
7.5202
4.3675
4.5428
1.7516
0.16689
-3.5514
3.4329
-1.6641
-5.6056
5.9091
2.0598
3.5085
-1.1481
1.6568
2.6825
9.016
4.287
0.16295
1.4103
-1.0598
5.5615
1.1179
6.3069
1.421
1.9766
-0.965
-0.13038
5.6209
5.3708
2.0745
5.8096
3.092
-1.7919
-0.4829
-0.033719
1.208
2.9078
2.8499
0.34384
3.2405
-0.79648
3.245
-3.3223
1.8304
5.031
2.7336
6.4758
1.5293
2.881
0.95167
1.4902
4.3701
3.4608
-2.2837
2.0274
3.8297
0.81965
-0.74672
2.952
4.4099
5.2793
9.7375
5.6319
3.7446
4.0092
4.7568
4.1257
1.4798
-2.9318
2.3561
-2.15
1.7527
0.77218
1.7829
7.0895
5.8863
8.213
1.0551
-3.0886
6.19
3.734
2.8445
-1.5259
2.5344
-0.33079
1.7259
0.052619
0.70645
7.2107
8.2549
0.69093
0.71957
4.3944
4.7065
-2.44
-0.039496
-1.1304
3.6889
6.1568
1.1726
4.1234
0.075207
0.95379
6.1347
2.8983
3.9697
4.9413
-0.89158
4.828
0.030721
5.2443
4.9787
6.3436
3.6147
4.6032
0.99982
-2.1285
0.76993
4.3683
0.92703
2.6698
5.5215
7.0189
2.0687
-0.19576
0.17266
7.9519
-3.2443
2.9242
1.3299
2.0309
-3.0331
-2.0986
7.0506
-2.9642
6.848
1.3607
1.5714
1.1966
-0.46939
4.4055
1.2788
3.4462
5.1825
3.3222
2.2065
6.2017
-1.2304
-0.62917
1.749
-3.2394
4.0781
0.5523
1.2766
0.58177
8.2622
0.47545
2.2517
0.80245
2.7879
2.4389
4.5145
-1.2701
1.26
-3.1485
3.0927
5.1131
3.5254
-0.21161
3.8404
0.70913
1.8177
3.759
-2.5882
-0.37195
0.96106
3.096
1.623
1.8257
0.85114
7.7914
3.2613
-0.61087
3.5547
-4.1066
5.0312
-4.1766
4.0921
-2.7356
1.6447
-1.6395
2.9828
0.28191
0.96569
7.4815
-0.73302
4.8468
-0.00023121
1.0983
6.1101
3.7346
3.6283
5.7627
0.53568
1.8001
3.489
2.9765
5.051
-2.9789
-0.42271
-1.4839
-2.3402
4.0642
0.97193
-0.86891
1.7004
-2.9158
-1.3699
3.2372
-2.8905
6.8113
-1.6446
2.1348
0.12543
1.7902
3.5359
5.9701
5.9458
1.0213
1.7614
3.0331
7.2784
4.9984
-2.6167
0.099453
-1.0759
-0.52105
4.4492
0.89162
7.1
3.8776
3.2636
8.5858
1.1296
3.4064
4.1367
0.37043
2.8602
-1.9535
5.4007
7.9947
3.224
-4.2651
7.9445
-1.5401
-1.5081
-0.28452
1.4928
-1.8655
11.447
-0.49561
4.9537
4.3542
-0.2398
-0.46027
7.3458
4.475
-1.0036
1.46
1.9615
4.2132
5.2309
5.3088
5.2253
3.1932
7.3477
-0.224
8.5455
4.3375
6.6759
1.6362
-0.021344
3.9158
3.7298
3.7701
2.9175
4.3407
3.8
-0.0089121
-1.8006
3.6755
2.8171
3.7866
-2.1516
0.35996
2.8996
6.3346
-1.2934
2.6933
2.958
3.1569
-0.13185
-0.15021
0.65457
2.5061
3.7599
8.5047
-2.4954
5.2735
5.4298
1.9976
-0.54325
1.2602
1.2912
4.0345
3.0323
4.4489
2.0601
4.0574
2.0073
7.6776
0.18541
4.4989
9.0665
0.55612
2.5118
4.6076
2.5711
5.162
3.1885
6.4011
1.6512
-2.8848
4.668
1.2194
2.4414
4.1934
-3.519
1.2222
4.0625
-4.5419
-1.0506
-0.14946
0.84402
4.2951
-1.6849
1.9215
4.1987
3.7099
2.4905
3.9687
7.0267
2.6769
7.1768
7.6994
0.8559
1.1224
4.1222
0.045301
-2.6661
3.1152
3.6063
2.8916
-0.58601
1.1234
5.391
2.8399
1.7202
0.57782
1.2105
2.3892
3.2123
0.19369
-0.68735
2.4315
2.7891
2.4025
0.45275
-2.68
1.7848
4.8973
7.7322
3.8501
3.3082
3.6884
2.6241
-0.13741
0.47132
-1.1436
1.8628
2.8521
4.8217
1.0742
-0.57592
3.2804
-2.0091
-0.82891
-2.5157
2.4771
3.2813
-0.72583
1.5992
4.2437
2.998
1.4657
2.4895
1.7882
-1.5484
3.8207
4.628
3.0591
3.3544
3.4856
3.3272
0.93653
3.5012
3.7858
6.4307
-2.7723
-2.2958
4.2668
5.6984
3.2486
-1.2924
0.58298
5.3411
5.9967
4.4231
-2.1159
3.6577
-3.5294
2.9786
1.9392
4.5757
1.9164
-0.80733
1.3978
1.9321
-2.1905
3.2237
-0.34637
5.6439
3.7589
0.80145
-1.0445
-2.7462
4.9831
6.2506
3.1003
0.53031
3.7289
2.4614
3.1201
7.4775
1.6905
2.6519
-1.2235
0.13349
5.3831
0.65163
-3.2354
3.988
4.0292
3.8545
4.7818
0.29418
3.3736
1.5424
3.6135
-0.32641
3.1007
1.6785
8.1263
1.9464
3.5637
3.6795
0.79477
5.8523
3.5234
5.3839
0.26768
-0.12657
3.9275
4.3545
4.15
5.2431
2.5186
1.9751
-0.84568
2.5773
3.994
6.0618
0.11697
3.7464
4.5302
5.5907
1.9027
-0.94239
1.0443
-0.072373
2.2472
-2.622
0.32115
0.5264
4.6063
5.2374
3.8724
0.32797
0.55254
-2.8397
6.2703
-3.2328
4.7879
-1.1307
2.459
1.6054
4.6628
6.4945
1.5343
6.2896
-1.9921
-1.7411
4.2512
3.9336
2.756
-2.6341
4.6189
5.9627
2.7582
1.7876
-0.82405
1.6624
5.4096
2.5617
2.2685
3.9923
-0.00024879
1.1328
-1.4367
-2.4711
1.2325
4.9254
1.053
4.9698
-0.22226
1.9757
0.074163
3.6561
4.0045
0.67464
-0.27118
-6.3737
-2.1262
4.9003
8.3439
3.5332
2.4132
3.9055
-2.6745
5.471
2.8488
-0.2188
2.3117
2.4946
2.6038
5.1632
2.6739
2.6544
6.6381
-4.5122
3.4819
-2.0064
2.9749
6.9914
-2.7923
2.633
-0.020368
4.7961
3.2484
-1.3155
4.1368
4.7007
-0.54935
0.54019
6.5005
1.2503
4.9796
6.7913
5.1121
6.5121
0.9543
4.9768
6.8594
5.7777
7.7435
-2.8042
4.7051
2.866
3.0199
5.791
2.3339
4.1698
-0.34439
2.8349
4.0205
2.4231
0.94758
5.2848
7.0519
3.7003
-1.2564
2.3806
1.998
-5.3029
1.4418
4.1954
4.4189
-3.7567
1.4819
4.7579
0.40089
4.3527
-0.80842
5.1453
6.5274
4.741
1.7654
2.1643
0.38124
0.98509
4.1693
2.5468
2.752
4.8985
4.0459
2.9892
5.2587
2.498
-1.5676
2.0251
7.9247
1.612
-1.23
2.8786
0.96077
4.8308
5.9083
2.0361
5.2682
1.2887
0.78221
-2.0404
0.93499
6.5409
3.1402
0.34168
0.483
0.87297
4.9144
2.34
2.8631
2.7968
1.9645
-2.6266
6.3942
-2.457
-5.5914
0.95737
4.4741
2.2049
1.5101
1.8357
3.4687
3.4911
4.6453
0.030166
-0.54043
4.7761
1.3641
0.19624
-1.149
-0.80947
1.1599
4.0053
-0.99119
6.8746
6.7675
6.0376
2.6136
1.022
5.4528
2.3659
3.1462
5.4984
-3.0289
5.7762
0.76805
-2.8621
1.4923
-0.46447
-0.32503
-0.57578
4.1465
0.064742
0.58411
2.7335
-1.8148
4.9648
-5.6381
1.1341
0.49383
4.4316
3.5206
4.0851
0.78605
7.8663
0.87504
2.3104
0.21514
6.1256
-0.56557
-1.9928
1.3633
8.4717
1.4989
0.044979
2.3322
2.9767
1.4192
3.7478
-2.3247
-1.998
-8.3674
2.5424
6.6288
3.0143
2.6682
4.836
1.2755
0.47711
3.1118
4.4772
5.4806
-1.0424
1.5808
-3.3454
1.7198
0.014137
3.5819
3.658
5.2247
6.3108
6.7377
-3.6902
2.4088
-1.542
4.5048
0.47949
0.37795
0.58091
-0.44649
1.1958
5.5637
4.5779
2.6149
1.5213
-7.0341
0.41793
3.3558
3.535
3.2049
-0.90742
2.0119
0.12448
5.9067
6.4783
4.959
1.8942
4.2216
-0.35053
6.5047
4.6179
1.1425
4.1956
2.0871
4.1145
0.21056
3.0349
0.25538
-1.714
0.24215
0.84073
4.5756
-0.91325
4.1795
-0.45475
5.4695
2.5591
1.8662
-1.3091
-1.1258
1.6373
6.1125
2.475
-0.73467
4.9725
1.9865
4.9067
0.63425
2.8684
-1.9183
-0.18137
4.3899
3.8992
5.8926
3.8185
2.8391
4.4888
4.6955
5.6892
7.047
4.569
1.8374
-1.6824
0.31253
-0.16261
0.61009
6.6952
-0.45516
4.3056
-2.153
1.3951
2.0501
0.61244
5.3403
1.301
6.0157
0.30099
-1.2626
4.1211
7.9833
6.3151
5.526
4.2467
7.3517
6.4203
1.3545
2.7305
-0.34937
1.8412
4.6773
3.5238
-0.74771
6.0574
5.3145
5.826
3.2497
5.2144
3.8389
3.9526
2.1121
1.1942
-1.7965
1.9328
0.35513
0.10926
1.2226
3.5417
-1.8112
2.8439
1.3385
-2.8915
-5.0356
4.9827
0.98284
4.2866
3.1276
0.64589
4.7616
4.756
2.7794
5.2809
3.4409
4.5196
-1.1697
5.5245
-2.9267
0.83355
4.1345
0.92016
3.6977
4
0.3995
4.6469
3.0994
2.4297
5.0871
1.7582
-0.74427
4.1246
4.5124
-0.072857
6.6663
-1.0581
-0.2882
3.909
-4.2006
-1.6844
1.1441
5.8331
6.4629
-0.19479
0.27854
3.4402
5.193
10.009
3.3116
4.7235
1.0213
-0.66633
2.697
3.0932
-0.1142
5.82
6.5598
3.5083
6.4381
0.70427
-1.7291
-1.5673
3.5202
1.2621
3.6378
5.5419
3.9237
4.1147
-2.7911
0.72443
1.6282
6.9356
2.8666
-2.4204
7.2314
3.7858
2.3473
0.85044
5.9326
-0.23294
8.875
1.7545
-0.61425
-1.7593
1.361
2.4455
1.1559
0.16416
4.0028
-0.019046
3.1288
1.5032
4.2036
-2.3765
5.1801
-0.79129
-0.25359
5.3377
7.4756
1.0368
2.9351
-1.2932
-2.5315
5.8231
4.5474
2.1963
0.74727
-1.4267
0.62881
6.7847
1.5805
4.0087
2.5833
-1.707
-2.8337
5.4525
2.9681
10.842
1.8507
4.2533
2.7407
0.35608
-0.14944
-0.71823
5.3374
0.62542
-0.60747
1.7755
0.2692
1.9596
-3.3036
-1.288
2.4826
-0.018845
0.36578
7.8454
6.1467
1.6299
-1.3123
-0.52662
8.9424
1.9073
3.1044
2.3872
5.691
-0.0092519
0.080549
-3.0651
-2.2822
3.1084
2.0367
4.6084
0.76084
3.6695
4.5479
8.0801
2.0409
1.7477
2.5647
2.5226
1.7873
7.9251
6.0159
0.74338
4.7828
6.032
-0.50003
-0.91759
1.2638
2.9901
2.6585
1.9888
2.8891
-0.56077
-0.33779
3.3406
1.7046
1.0529
-2.839
2.9298
3.4412
-1.8781
1.6969
2.2219
4.7325
0.078505
0.37842
-0.1457
-3.0416
2.4938
3.2374
-0.11099
-0.56277
-1.2398
1.7066
5.4969
-6.1844
-4.501
5.4161
0.14461
2.1077
5.8347
6.8698
2.3908
4.2723
2.866
3.7199
1.1909
-2.2195
4.006
4.1764
1.0918
0.59341
-2.0627
0.68947
0.50465
1.1691
7.2456
3.3604
1.091
3.1933
3.1778
5.7918
4.8988
5.2842
2.7916
3.3942
5.4851
2.5665
-2.3808
2.8126
-0.52497
2.0746
0.8534
0.22443
5.6991
1.149
2.2993
2.5175
-1.9893
5.8038
1.8581
4.7032
3.1144
5.6874
0.07528
-2.8569
0.7577
0.38262
-1.3438
5.7223
5.1146
4.771
-3.1503
-2.9037
6.9726
2.5435
3.8708
1.2716
-2.844
2.1322
1.5022
10.345
-1.1642
1.1499
-0.59943
8.2501
4.4205
-1.3521
3.2648
-1.5662
1.3424
11.414
3.3146
-0.93084
3.0072
0.2809
-0.7659
-0.48855
2.649
4.6248
2.0829
-1.5791
0.015856
7.6179
0.33219
0.93535
6.0673
-1.685
4.4157
0.98911
0.12611
5.1931
2.7221
3.2904
3.3094
2.9499
-0.2657
-1.1756
3.8711
0.66884
7.327
1.411
3.4429
7.9325
2.161
3.3694
1.7234
6.8935
3.0671
5.7932
1.2242
-2.538
2.2086
5.9079
4.5657
1.6273
2.2911
-0.49412
4.409
-0.13513
3.2966
-1.0981
2.5656
7.0392
2.6631
3.526
1.4843
-1.4803
6.1651
6.7738
3.3406
3.452
3.2791
-1.8773
2.6986
4.4832
-1.396
5.5957
-0.30954
1.9937
-0.30096
1.3156
5.1903
-0.41232
3.5812
1.7029
2.9434
1.043
5.9496
6.8684
2.4866
-3.4905
2.4869
6.4251
2.7733
1.2106
1.9967
-6.7017
1.6389
0.90613
1.1303
2.1106
-1.8567
-2.4566
4.0782
0.21838
0.83791
4.4257
1.3435
4.4022
3.0067
1.3798
1.9564
-0.66847
4.1608
5.3493
4.3855
3.4215
0.1994
-2.6648
0.76214
6.0304
4.1581
1.0014
-0.60785
-0.8461
-0.41312
1.5375
1.1295
-0.1325
-1.0137
2.0917
2.9359
1.7627
-3.2323
-2.6411
3.5364
1.203
-1.0624
9.4949
5.5928
4.1838
2.2499
1.8727
8.5965
-0.4855
4.7992
3.8734
4.1265
2.0395
7.7101
5.5788
-2.2783
3.2499
4.0421
1.7783
2.8662
6.2127
2.9726
7.4006
-0.41448
0.91753
1.509
3.7188
3.5388
5.1161
4.1104
3.2697
4.3994
6.3214
4.7378
-2.5986
-0.33016
-3.4827
7.9565
1.2902
2.0491
-3.0266
-0.019968
5.1419
-0.93071
7.5465
-2.1585
-1.4214
3.5898
-2.2648
-5.1157
3.7989
-1.2976
0.78728
0.84339
6.0167
2.7591
2.4697
2.8489
-3.8591
0.46163
2.4947
1.1652
0.19337
2.6441
-5.2769
-3.9935
1.6009
-3.0309
0.45141
0.79752
1.2684
3.1403
2.5124
4.7086
1.8173
5.5597
4.7539
2.9493
8.1132
2.0036
3.7822
2.6464
6.2544
-1.5944
-0.39794
1.3626
1.9027
1.7411
0.82183
-0.26086
-2.2822
-2.5664
4.6406
-3.979
3.221
2.5042
3.6871
-0.91866
3.0202
2.3216
4.77
0.48522
7.8819
5.5106
2.8607
2.3851
-0.54002
4.124
3.9374
4.8554
2.2463
5.0228
0.47508
-2.3859
-0.75705
6.7375
4.238
-1.4454
1.56
3.3134
1.4947
7.0219
2.1502
1.3429
0.62431
0.98264
1.9534
-3.8316
4.8966
1.7975
7.2331
5.7004
-1.1902
3.9859
-0.91399
-0.81473
1.2201
-2.0977
-1.1215
2.7454
-1.5902
-2.461
6.5529
5.4177
5.7026
3.8833
2.0878
6.2615
7.3106
0.74866
8.3913
-2.6974
-2.4842
0.54548
0.7333
3.8311
4.4483
0.16945
5.1534
4.3939
-2.0614
4.0565
5.5317
-0.75478
0.64002
5.2961
8.8874
1.2591
1.3274
3.8881
1.5275
-0.28104
-1.4469
-2.6775
7.9247
3.5374
3.2452
3.3122
-0.086973
3.9038
5.8758
-2.585
3.3881
2.7961
3.2035
2.2678
3.4894
-1.014
3.7984
2.8836
1.2294
3.7656
0.70721
0.87822
3.6598
0.99571
-2.3512
-2.5117
-0.060472
7.9036
9.1917
2.0994
-2.3657
2.3151
4.3699
10.02
7.4772
1.0976
-1.2936
0.82065
-1.0977
6.2879
1.0292
1.7648
-0.32405
4.2788
-0.46889
4.4789
-0.69289
3.136
0.84773
4.5171
0.1099
0.13017
-0.70981
1.9121
0.80228
0.6361
5.1005
6.1803
1.2467
8.0382
4.8426
7.4898
-0.72009
0.78714
5.1082
4.3033
6.3443
3.3244
3.3898
1.3424
0.65352
4.2345
2.8619
2.1914
3.8042
0.043973
-0.72255
4.2851
3.1549
-2.9763
0.063059
-3.7032
4.3544
3.6995
2.7589
3.7534
0.29759
0.87394
2.4477
5.5137
3.9476
2.1357
5.6653
2.1612
0.52341
5.0223
3.2457
-0.99909
-0.97901
0.105
5.0118
4.1069
2.4667
1.7638
2.8785
6.3513
4.5592
0.69078
1.7476
3.9053
1.1645
5.6759
3.3552
6.6039
1.5841
1.0894
8.2966
-2.4247
0.049069
4.807
6.1963
-1.2159
4.7524
4.7147
6.2893
4.6187
3.3715
-0.12262
6.2109
4.5157
-0.47977
4.2313
0.082834
-1.6697
0.99022
2.4507
5.8501
1.6393
2.6662
3.3462
-1.2042
1.4139
1.3017
0.13408
-1.279
-1.0215
1.2867
0.34553
6.6799
0.15314
2.3782
1.1795
7.0615
6.6318
0.61819
4.4635
0.36652
5.0494
8.79
1.2402
-0.04622
-1.3243
5.724
4.009
4.8309
1.6003
-0.406
0.5334
0.4432
-0.35706
2.3402
1.4524
5.6047
0.81809
4.7075
-0.7239
8.0662
2.8044
2.2214
1.086
0.68945
0.8428
1.2393
6.1735
3.9058
2.3248
-0.72009
-2.7918
7.7487
1.8643
1.8811
-1.0956
4.1379
-0.41841
4.9533
-4.7803
3.5627
2.8504
3.8024
1.3094
-4.9407
-0.58853
10.445
5.2354
-0.098303
3.752
3.6957
-5.102
1.3413
-3.7874
5.7861
5.1474
6.757
8.4321
2.5401
0.7168
3.1881
2.96
1.8007
1.7574
-0.76192
2.4372
-1.7508
3.0923
4.1562
4.3105
4.9977
3.8872
4.9414
2.2612
1.1502
6.4874
-3.234
-1.0268
-0.09019
4.06
-1.8094
2.1674
3.8053
1.2966
4.327
4.2099
9.4601
-1.9275
0.69324
5.2389
1.8482
1.5335
0.18242
5.8016
4.6175
4.9207
2.8989
-3.0656
8.6827
-0.094725
3.9763
7.0802
2.75
1.9543
4.4406
1.2719
0.13283
-4.3717
1.6732
2.7588
6.8372
4.3826
5.4224
1.654
6.4806
5.0711
1.26
2.5844
-2.0639
-0.2903
3.3734
-0.13507
1.6914
5.9911
0.21424
1.96
-0.92866
4.5036
3.9639
-2.2067
-0.28659
0.63531
-5.6444
-1.5047
-0.061802
3.953
1.6146
-1.1105
1.5203
4.5294
1.905
-1.656
11.321
3.0403
6.8511
10.378
6.0336
1.9613
-3.8486
-2.3063
0.89662
2.7473
7.7641
9.4946
4.8737
-1.4593
1.7107
9.0018
2.3688
2.1075
-0.65584
3.3272
0.66904
3.6056
5.7102
7.5972
2.2498
9.6826
7.7239
-0.23926
7.3017
3.762
-0.4554
6.1116
5.1476
4.0725
2.6164
-0.92446
9.5236
6.1826
7.4044
3.7726
1.0768
5.873
-1.8404
3.6753
0.13187
2.3915
4.2989
5.0982
1.2443
1.4099
-5.2454
-2.1222
8.5098
3.3692
3.9661
-1.5088
1.0798
-3.7613
-2.5063
-2.32
-3.4315
-1.892
-1.4529
-0.08373
5.9781
8.2982
-0.075921
3.1777
1.804
-1.2392
-0.77745
-3.3478
4.929
2.207
5.5264
0.049228
1.0766
3.8961
2.2426
6.6174
-0.31046
6.7632
1.3014
1.864
0.94595
0.67776
7.3465
-0.10534
6.1519
1.8789
2.0938
2.7413
2.0784
-1.6829
-0.6975
3.6051
1.4582
2.851
4.328
2.745
0.9958
2.0499
6.3854
4.3234
4.7096
5.015
5.168
-0.0061178
9.774
1.8384
2.4244
-2.2147
5.555
4.0161
2.8758
4.155
4.8973
3.3756
-5.2876
1.9771
1.8021
3.6061
1.3978
2.7338
2.5898
1.7759
4.3253
2.5548
4.9325
0.51593
7.0689
-0.25779
1.4343
-2.1518
0.35953
6.0955
3.7197
-0.56757
3.8181
0.13942
-4.0309
0.67584
8.2676
2.9462
-3.6457
4.4352
8.1826
2.175
1.8498
4.1187
-0.19588
3.2285
9.9659
-0.33897
2.5246
3.5546
3.6423
4.9338
1.6765
0.056317
2.1104
-3.5111
1.643
8.9956
0.60697
3.4127
3.8529
3.524
2.5363
0.35557
3.3985
3.0657
2.8246
4.1698
1.7896
-1.2774
-0.010858
4.4395
5.4513
0.39294
-1.7502
-0.79902
5.3937
5.1113
4.7094
5.2791
2.2127
2.7839
4.5023
5.125
10.111
-0.64959
2.6441
3.647
-1.2434
-2.2441
2.7991
0.13936
2.2998
-0.62171
2.0013
2.6103
-4.4966
4.6243
-3.8761
3.0824
2.3666
3.0104
6.9717
-2.4225
0.19351
-0.03697
7.0542
6.3344
4.4695
-2.4739
0.88828
3.9114
3.3813
0.30892
6.9241
0.53114
3.4879
8.4335
7.6182
1.6985
4.617
7.46
-0.61632
5.2568
8.0266
5.395
6.0975
2.3044
-1.6402
0.072243
7.0537
2.5212
4.8394
-0.81353
-3.1443
-3.9912
3.1566
-4.237
6.6657
5.7968
3.2239
5.4413
1.9793
-3.2072
1.9216
0.26585
6.0951
3.3444
3.5405
1.1765
-0.38276
3.1411
0.98523
6.4776
1.1979
-0.086281
1.6448
5.546
0.59901
2.0135
-2.1339
2.6663
1.1507
0.95315
2.7337
2.3812
2.2924
11.322
5.4402
7.3692
7.2996
1.4375
0.83898
-2.7075
-0.62579
1.4426
2.0234
3.2758
2.7614
-1.2802
1.309
7.5149
1.3917
-0.47036
1.5333
3.3104
1.1325
1.0126
1.2639
5.8843
4.8343
0.035746
0.048347
-2.9533
5.7026
1.9755
1.569
2.8406
-1.6248
-0.48192
2.8542
1.3297
-3.9089
-0.030727
3.0988
5.5328
2.5671
2.7379
0.85058
2.9338
3.9371
-0.42595
5.4791
-2.7171
2.1616
1.6014
7.2739
1.3547
12.058
1.4744
0.13528
9.3378
2.2441
1.5258
2.7402
-0.7281
-2.1117
0.35239
2.5116
5.753
5.9644
3.7576
5.9253
10.235
4.2716
5.2164
1.3898
5.9284
-1.1093
1.2996
-0.29792
0.61054
8.3283
1.6808
1.0108
5.4312
1.3458
3.2721
3.9738
-0.32381
1.2276
8.1204
2.7158
5.05
6.167
4.0495
2.681
6.1879
-1.5172
5.9625
-4.0844
-1.5325
1.003
2.0409
-2.6461
4.6556
2.0686
-1.0251
-1.3139
-0.61482
-0.23698
1.9161
2.1359
0.52241
2.0432
0.33522
2.8359
6.997
4.9118
1.0589
2.7413
1.8157
1.0043
1.3489
5.671
0.64507
2.8772
4.1687
-0.8333
-2.2683
4.6355
3.47
0.68122
5.7267
3.2605
1.0648
0.96272
0.77851
-1.016
10.579
-4.5879
3.128
2.3171
-1.584
1.8583
3.4819
5.4108
2.6418
4.0621
7.608
1.9701
0.5642
-2.0296
4.8728
0.75779
6.6096
2.5187
1.8927
0.59408
0.73925
-1.5217
4.116
1.0286
4.2355
-2.8166
3.3427
-0.46685
-2.4342
1.5888
4.1632
5.4225
6.0308
1.1551
-0.60232
11.476
0.63769
0.16878
3.7355
-0.94822
0.28459
-2.3141
1.6969
-1.1012
3.4745
2.8695
0.12885
1.1411
0.57523
2.8096
0.32119
3.1188
-0.26064
4.0707
1.8012
-3.8801
2.8758
5.1519
6.1149
2.9917
6.7601
4.3861
8.6492
3.1016
3.746
3.6143
3.981
4.807
5.5122
-0.67065
-1.599
6.3258
5.2124
-0.24939
2.1518
7.8717
-1.1827
3.2915
-1.8711
2.8219
3.2272
1.7515
5.1406
1.8898
5.8767
5.6043
1.4698
3.0851
2.9346
5.2143
6.0505
4.693
2.3837
-0.37122
-1.5684
5.6152
8.3171
3.1171
2.0944
5.1217
-2.7592
1.5195
-3.7161
3.5893
2.3881
3.2905
1.0123
-3.313
5.2945
0.33182
2.8414
5.1651
4.0264
-0.18844
1.5186
1.6504
5.2859
6.175
-0.89626
-0.75831
2.6942
2.2964
2.9066
-0.85756
-1.7357
2.0622
6.0249
4.207
1.9436
1.1463
-1.079
5.0115
4.8765
1.8013
3.4683
3.1219
5.0945
7.2452
-2.9996
1.3747
2.0574
-1.5448
1.4257
4.7487
0.018349
-4.0277
-0.76991
3.1658
0.0049891
5.1538
0.62008
2.9968
0.50424
4.2024
-2.6367
7.2431
1.6416
1.8847
-1.9926
2.2951
2.0884
-1.3292
4.0959
8.3584
5.8847
2.1105
3.9792
2.945
3.5661
-3.9149
-0.42893
1.4442
4.209
3.3987
1.9927
-4.2017
-1.9908
6.3308
2.7141
2.3525
1.2845
11.046
0.2392
1.8729
3.9163
6.2847
1.9069
5.2104
5.2957
3.0886
-1.655
4.7194
2.613
6.9701
-0.22536
2.2895
0.78481
-3.2354
-0.85758
-3.5885
7.3906
3.0279
4.1081
2.9203
5.6698
6.8593
1.0816
-0.5985
5.6265
9.0598
1.6403
0.016751
3.3034
-0.53234
-0.039599
4.3353
1.6401
3.8859
0.78858
4.0623
3.3322
3.8587
5.8316
4.9256
-2.3321
7.7865
-1.436
-3.004
5.1775
-0.048021
-3.3981
2.1702
7.8305
4.9933
4.385
-0.91155
-0.12376
5.0738
6.2877
5.6484
3.9732
-0.76719
1.7438
6.0039
6.548
3.5133
2.642
3.3542
0.89453
4.8983
3.0069
3.7459
1.8837
3.2909
0.47076
7.1744
1.4937
4.4584
-3.5301
5.3252
1.231
4.2001
1.0521
4.3868
0.73115
1.0394
-0.57045
-2.1859
3.6084
5.659
2.8049
0.34946
-1.1206
-0.61363
7.6762
2.6253
-0.92612
-1.0436
0.082939
1.6689
8.4291
2.453
-1.4252
0.13753
-0.64426
6.3846
8.4065
6.9913
1.2935
5.9833
2.1946
1.9364
-0.93792
1.5837
-0.018776
1.6297
0.41277
1.3191
-2.4263
3.9246
-1.5155
3.3405
0.45425
-0.21455
-3.2444
1.4086
5.0699
7.3602
3.9419
-1.4931
1.6712
5.6294
3.835
0.45355
3.0087
5.0269
1.1656
0.072556
-0.10022
3.8678
3.8014
0.85589
-2.2274
2.641
1.5066
2.5545
6.5762
3.2186
-0.1887
8.7409
0.28842
0.8287
3.9628
-1.8001
2.721
2.1814
8.4882
6.055
3.4872
-0.96121
3.8619
1.2302
0.72124
-3.2785
-4.5717
3.3412
3.6509
1.1659
4.2047
3.2502
-1.8597
-1.3855
5.8318
3.6744
1.3457
-0.83765
3.0761
3.0367
-3.2563
5.129
2.4833
3.3033
-1.6628
7.2417
4.8078
-0.17801
1.6877
0.45158
3.5488
4.7216
3.4057
3.7195
3.9075
-0.94161
4.4385
-0.31526
4.1461
-0.98305
5.5997
3.5605
4.6774
0.27487
4.6542
0.042327
1.1807
1.4879
3.8337
6.1392
1.5976
1.6803
3.225
0.28173
6.665
5.4636
5.1271
0.90866
-2.4527
-0.2939
3.5769
0.38666
3.2327
0.27588
2.9053
1.7403
3.4813
-2.6999
6.2519
1.7047
3.4533
7.8775
2.3328
5.739
1.3163
5.3783
3.6958
2.326
1.4471
3.9615
-0.51087
-0.44477
5.2415
4.2743
4.0026
1.1322
2.3321
-2.0884
-1.6148
3.5435
-0.91931
2.7101
-2.3745
0.96066
-0.5161
3.969
2.3282
3.117
-1.1381
-1.2649
-1.4734
5.5125
4.1089
2.8635
-0.066663
-0.92716
5.2739
3.7903
-0.99375
7.2457
-2.9922
3.2765
4.3246
2.7602
-0.59441
3.06
1.6645
2.9059
1.3549
3.8412
0.79547
-1.5979
5.0288
5.2301
4.8174
-2.5069
3.6255
-0.95613
4.9793
5.1373
5.3428
7.7532
-1.9803
3.4609
7.0342
2.3955
2.3819
0.19657
5.6276
3.0976
5.9354
-0.797
-0.1924
2.4264
2.8812
-0.54639
3.4087
1.4655
6.1156
2.4661
3.0897
-0.38474
-2.725
-4.6738
8.3276
4.0865
6.7573
1.8596
-2.3854
-1.1141
-1.2457
-4.9133
4.3563
-0.55446
3.1912
2.7352
0.29704
6.107
3.2344
-2.2933
2.0381
3.1897
0.79412
3.3045
6.1197
3.6308
5.6105
8.0638
7.2891
3.354
7.1917
-2.3087
2.4179
4.192
3.3212
1.4846
-4.0202
2.4095
-1.4495
0.44485
4.7936
-0.25007
4.8292
-0.0047272
8.1393
5.4436
-1.0429
4.5226
9.1089
-5.6465
0.83832
-1.5413
3.3136
4.9375
2.8859
2.3222
3.2957
-0.89179
-0.73578
4.6294
0.67975
6.8245
5.3441
-0.57781
3.4115
4.4782
2.8832
0.53434
5.4201
11.626
2.5121
3.865
7.1511
0.92973
-0.2503
2.7701
-4.2134
-0.2496
-0.41396
5.3535
0.76119
-0.4087
0.7611
0.63198
5.9853
1.2207
-0.63604
4.4705
3.4989
4.6015
0.50161
-1.7985
3.1197
2.1352
2.1421
0.88217
3.3636
2.5821
1.7524
1.2245
-4.9888
5.9862
4.584
2.1229
9.2376
5.9582
0.69745
-2.472
-0.93605
-1.1618
3.8744
2.5496
6.705
-1.2736
3.1996
2.9102
1.0748
-1.4611
5.4048
8.3904
4.9531
4.3134
-1.3252
4.128
6.8016
4.9279
2.7481
1.4346
4.0536
-0.7473
-1.8765
-2.7794
1.4142
-0.23348
5.9082
1.7933
4.7963
-4.3889
0.42058
-0.56636
4.7048
3.7804
10.967
8.2539
6.7197
1.0656
-5.8404
4.069
2.1011
1.4446
7.3804
-6.8586
0.79143
-3.9193
-1.5193
3.5203
5.305
1.4056
-0.20408
7.248
3.6995
5.0916
5.63
6.3228
10.019
4.557
4.4239
3.4074
4.0903
2.24
2.3258
3.0343
-4.527
5.929
4.4
3.2408
4.7662
0.66235
-0.60043
4.1081
5.7614
4.027
1.407
-2.2782
5.0686
4.0669
6.3905
3.8883
1.1573
3.7373
2.9929
-1.9667
1.1183
0.41448
0.76466
1.4883
-0.50233
3.0344
3.2927
1.0325
1.0631
7.8865
6.5194
-0.94403
4.1191
0.86723
1.1617
0.05279
-2.1553
5.8715
-3.4909
1.9313
2.9773
-2.6758
4.8331
2.886
1.7564
0.75445
1.4126
4.2315
-3.3476
3.6842
-1.996
1.9791
5.6422
5.4148
-0.37258
3.2208
-1.5344
2.0871
6.1138
-3.2908
7.5289
4.4801
-1.6819
7.6401
4.2496
5.0073
3.2109
2.1675
5.7919
-1.1404
-2.8227
1.7075
2.1624
-0.70312
2.9806
4.3955
5.1963
6.2423
1.803
0.90061
1.8775
1.0565
2.0441
5.3541
2.0343
2.2919
-1.972
-0.45989
8.1746
0.94192
-4.4402
1.5657
-1.37
0.090027
3.6684
6.5095
5.8532
-2.7942
7.5668
-2.6858
7.4623
-0.37437
1.5421
10.361
4.1712
7.9326
3.1088
9.6376
3.0354
1.2759
-4.1038
6.2954
3.8008
1.5561
7.4047
7.4736
-0.67118
1.4125
-1.6292
5.1403
1.4785
3.35
0.94701
5.0905
3.034
3.4395
6.2729
1.819
-4.4988
5.0914
3.7064
3.8579
3.9093
4.7822
5.9587
2.6236
0.23246
6.1609
0.98558
-0.41077
4.9798
5.2678
0.81874
5.6255
3.2419
7.9953
2.3298
2.2275
2.525
8.9497
0.86042
1.601
3.271
3.7889
-0.97841
0.71417
-2.5413
-0.064063
1.8402
0.60292
-4.285
1.5832
-1.2207
-0.77316
2.3729
1.6256
1.9913
2.7695
2.8184
0.55657
5.5553
8.2989
-1.5891
-1.3682
1.7433
-4.1719
0.59168
-4.5252
-0.50123
-1.6372
3.098
1.1516
3.3344
4.6908
5.0955
-1.2414
5.8254
1.5967
6.2007
5.5555
0.94326
7.7946
5.757
3.1664
1.0212
3.2601
7.2273
-0.068016
-0.47507
3.3466
3.6252
4.683
4.002
-0.75969
8.7896
4.5159
3.4967
3.8641
3.9799
4.8896
4.0964
0.94081
-0.13242
-2.2045
-0.66684
0.15724
7.0416
5.1552
4.314
6.3765
4.9244
1.0818
-1.0998
4.1906
7.1055
-2.7137
-0.7629
-2.8711
-0.24048
-1.0056
7.3098
0.16974
-0.61204
4.3677
5.73
-1.4838
0.10443
0.33041
1.0905
1.9601
1.6995
2.0403
2.9198
2.515
2.339
4.6292
0.66127
2.9224
2.5374
-3.2927
3.2057
0.3944
2.7792
0.74832
5.4748
-0.48199
-0.73688
0.48723
0.99962
3.9364
1.4989
-3.4167
5.8571
1.239
2.3308
0.78385
3.4746
1.4727
0.082098
0.69083
9.5273
1.9999
0.99982
0.40842
3.5857
1.3056
4.1282
3.1965
1.7872
-0.45761
4.8869
4.5117
1.4152
-1.1451
7.4826
6.2547
5.5213
1.9576
6.312
5.9135
3.0657
2.3774
0.6921
0.80186
-1.6952
7.5442
4.6336
3.2551
-2.8414
6.0259
1.8525
3.3216
5.6204
4.5548
6.7933
-2.322
-5.0165
0.010804
3.0644
-0.88269
1.019
1.4394
4.4249
0.79526
1.4877
2.7659
3.639
-0.30678
0.5941
-0.61538
-2.0848
3.7863
2.0441
3.9732
2.8681
7.5632
0.40645
1.5872
6.7052
5.4762
-4.8008
5.0837
7.0418
2.8129
1.5061
3.2985
-1.1126
3.8333
-1.6649
1.7023
4.4811
3.6998
-4.7349
1.8574
0.44405
1.0031
1.6894
0.18095
1.2503
0.54108
1.0379
4.6939
2.1751
0.4551
1.3739
4.2174
4.3007
4.3258
4.1204
1.0357
5.4762
-4.7225
1.1781
2.8401
5.3695
1.7775
2.0059
3.7275
7.1004
0.34594
2.0784
3.4395
3.8675
2.9701
4.3798
-1.4074
1.7845
0.79802
5.1565
2.8572
-1.5448
3.8826
2.6186
3.8291
0.37063
-0.57301
4.3461
2.4404
1.2165
-1.3275
-0.45112
5.2377
2.3638
1.4357
-1.2267
4.5008
-1.4013
2.8724
0.3259
2.2778
0.46943
-2.3314
-0.55268
-0.93313
10.026
4.9899
-0.16897
6.906
7.7074
0.82449
-0.031737
-5.2819
1.4069
0.57068
7.3314
-0.1381
5.0564
-2.8026
0.91674
0.9743
3.0164
2.0611
-3.1347
0.95372
2.759
-2.2436
-0.93167
5.4453
3.849
5.5489
0.28836
-3.862
1.5352
1.2817
3.295
5.3921
4.4738
5.9937
2.6403
2.3947
4.0531
5.0443
1.4135
4.8251
0.14493
1.247
3.2773
2.5621
-5.0584
6.7961
4.8645
4.4678
2.2382
2.5967
-0.8998
3.0646
3.8426
3.846
0.1484
2.198
2.6382
1.9674
-3.8303
4.0986
3.4643
3.7543
0.81745
4.6
1.1657
-0.62217
-0.50249
6.1117
0.3988
0.00018992
4.7472
-1.3773
1.5123
1.4674
-0.11358
5.1931
2.8304
4.6087
-0.2033
1.18
4.9386
-2.1158
1.4875
2.2006
3.8954
3.3556
-1.1342
-3.1368
3.4389
0.96772
2.743
5.5428
2.1303
2.8219
5.8514
5.081
4.2598
-0.1801
1.8411
0.67181
3.5422
4.5501
-1.6573
1.4707
3.0305
3.2031
2.505
-2.8743
1.3921
4.5741
8.1882
4.5498
-2.3701
3.4988
5.3832
3.952
-0.54831
0.69864
3.3661
6.2535
2.0657
2.2634
5.7275
5.7365
3.3798
-1.1619
0.74018
4.1822
5.169
3.9125
0.9842
3.0362
-1.7934
4.7657
0.57182
7.5866
1.0156
1.2311
0.96382
8.3079
3.7553
-2.3256
-1.5914
5.5749
3.0919
4.2984
-1.2303
0.2426
3.3038
-2.9701
2.327
3.6438
-0.65199
1.2915
5.7751
6.6629
-0.83956
3.4478
2.7368
-0.99892
5.1037
0.73
4.1555
-1.4286
2.2353
4.3673
3.7543
0.80634
3.9192
0.066124
-1.054
3.2442
4.5129
3.5627
-0.6017
4.0887
2.7568
2.3869
1.4337
1.524
5.3149
0.68374
0.029586
2.8174
3.8185
1.7572
7.0861
5.0326
5.8363
5.7474
1.5386
-6.0082
6.0724
0.76675
8.168
3.1591
-1.0555
-1.6426
0.64094
1.871
3.828
-0.48457
6.5261
5.0271
1.1251
-3.961
2.084
3.0911
4.7375
0.72528
-0.058669
4.374
4.9994
0.93423
3.6909
1.9083
2.5887
2.458
-0.42416
-0.55461
2.719
3.4751
-1.4184
4.1534
-0.26424
5.8082
1.6153
0.58509
5.1134
1.6835
2.4034
-3.3037
-2.1366
3.6265
-0.049527
3.0101
3.5956
-3.2034
4.4675
4.0697
0.86327
4.7194
-1.2203
6.2037
1.6885
-3.427
-1.917
0.45158
3.408
-1.2686
1.2162
4.6733
0.46088
-0.17839
5.8013
0.74552
2.8862
3.1
3.1784
1.0979
0.866
-0.60013
7.2256
2.0224
-1.242
5.7476
4.0859
-0.77962
-2.5646
3.5543
3.1581
2.9463
-4.1821
3.9508
3.7219
5.8468
3.1178
-0.28395
-0.33947
-1.9639
7.0855
1.0152
-0.1085
-2.4386
6.071
4.9028
0.30061
5.167
0.53699
0.61931
1.1168
-1.6219
-0.34578
2.2804
1.1887
1.518
3.5866
4.4367
3.5263
-0.40655
4.8324
4.0614
3.0278
8.8613
9.9562
6.5974
-1.0929
3.8203
5.1274
4.9486
2.0067
9.8145
-0.26261
1.551
-0.91046
0.24625
1.1955
1.0987
5.2501
2.1207
2.5623
2.3042
6.6533
5.7057
-0.92814
3.9046
4.6912
0.85631
-1.0616
1.9879
1.6709
2.1163
2.0098
1.0455
-2.7949
-0.28996
0.99589
0.22948
-2.2611
1.5781
10.128
3.5063
-0.24616
1.1819
4.6549
3.8055
4.8079
8.3495
-1.4025
2.7257
0.57937
1.3877
0.42044
0.40969
0.68083
-4.5583
0.92105
-0.88651
2.6396
2.8428
3.804
2.3767
1.0133
2.0416
0.64139
4.0234
5.7682
0.022771
1.9999
0.73107
1.6132
1.3846
7.2591
5.1983
-0.15185
6.07
3.9681
-0.59426
5.5199
-3.0949
2.9785
7.6161
-1.7006
-0.047214
-1.2872
3.1026
-2.7928
2.0326
-2.1832
2.3129
2.2579
3.2579
2.7418
-1.9342
3.8487
4.908
2.3215
7.3885
-1.1145
7.2526
2.6012
-1.453
2.085
0.32616
2.6986
6.4146
1.6866
-4.6404
4.0804
1.0945
3.1076
2.2779
4.4531
4.7028
1.5243
2.4611
2.5663
2.3459
5.0662
4.1758
0.75026
1.9914
2.413
0.54286
4.5568
-1.3428
2.2269
-0.31099
2.7012
1.7338
-1.3083
2.5837
0.4932
2.7776
4.755
5.4363
2.4076
2.6863
3.3033
2.8727
6.8294
2.525
7.5519
2.0944
1.3559
-1.9665
4.1712
2.0547
3.939
-0.15816
7.1226
4.8306
3.4629
1.1319
3.5459
1.7794
6.083
-1.3613
2.1379
6.5465
8.5727
2.7743
3.6668
2.9645
-1.4942
0.10234
2.4946
0.68134
2.3442
4.2812
4.8833
-1.6684
0.91016
1.4778
6.342
3.3939
-0.71537
0.51301
0.10511
1.1191
5.1119
2.7802
0.78594
4.2213
4.2171
-4.8376
1.6174
9.0292
3.4762
-0.16388
1.3103
5.4866
1.2274
4.0893
1.9289
2.2546
1.3982
1.2438
2.0025
4.5726
5.3046
0.10222
1.9956
1.04
-0.28226
6.9449
2.7935
2.0332
8.375
3.1479
2.2567
1.6895
1.5444
-0.89902
3.0596
7.8351
-5.0443
5.4959
4.7939
6.2461
3.4772
2.9564
5.0031
-0.057988
-6.7982
2.7153
0.84442
5.8503
-2.9504
-1.3017
2.2092
3.2208
4.7833
3.6821
5.015
2.463
2.228
4.7378
1.4051
-3.2085
8.1441
5.1333
3.1068
1.202
3.0585
5.3187
5.6862
5.5302
-0.56372
4.1507
0.77322
0.31119
-3.2014
4.1876
6.1061
-4.2536
-1.1871
8.0651
0.89371
6.0949
0.47943
5.8513
0.56165
3.9819
-0.9533
-1.0489
4.9088
1.802
2.803
3.9618
8.1167
-0.24484
-1.9686
0.20651
6.2758
-0.9842
2.6117
5.1595
9.139
3.3354
0.43911
3.1835
2.9048
8.3355
-2.3918
6.6583
6.5876
5.5632
3.3007
5.3716
-3.213
0.27095
5.6111
6.2944
-0.60177
4.5539
0.60876
-2.5429
7.2773
1.1487
4.8058
-3.1662
2.7135
8.7039
2.7232
5.9756
0.35009
5.2506
1.2953
4.5203
1.9799
3.4232
4.1292
-0.042306
2.7299
0.57913
5.0815
2.5312
3.1461
4.6242
4.7439
3.57
4.5459
0.014666
8.4872
7.4595
9.7591
-2.5293
3.04
1.331
0.024315
6.6439
3.3172
-3.8306
4.4283
-0.79094
6.9057
-1.5841
3.2639
1.9472
1.6896
4.0616
-0.52247
2.5346
8.2399
4.3904
0.66575
1.1932
5.278
1.7904
6.8681
4.5407
1.4096
5.2176
-2.1959
6.4481
1.3293
3.4156
0.63064
3.1808
7.656
0.97241
3.0526
-0.035773
1.8155
2.9397
2.5911
5.9812
6.172
5.1066
2.114
1.7974
6.6456
-0.034267
3.4703
0.94263
5.3427
3.7191
1.9362
5.7763
5.2367
3.0894
-4.1229
0.054889
-1.1946
2.1574
0.15428
-4.8962
1.2068
-2.3751
1.3684
2.7219
7.3774
-1.7248
1.8311
6.3863
1.7099
6.5482
2.2899
-0.72716
0.66428
5.6344
0.96728
6.6945
0.46116
1.2329
2.7653
4.8662
5.7478
0.90788
6.5949
0.76285
5.6598
0.79821
1.8625
-4.3266
2.7948
1.3158
4.086
6.0719
3.1922
1.0593
6.7876
-2.528
0.61032
5.7261
0.029749
4.8327
-0.34914
1.6129
0.39447
0.12015
0.89406
4.5345
-2.8981
2.9712
-1.9828
1.385
2.0237
5.9431
-1.0297
1.516
5.6381
-1.2882
-3.1542
3.9319
0.9102
7.3299
-0.76774
2.3947
3.4046
2.2931
1.8252
-0.96964
0.63784
4.4031
5.5864
2.7383
3.3917
3.973
8.3408
0.55433
2.0363
-1.3521
-0.42566
2.718
3.7623
3.9352
3.6331
-0.57793
4.1348
0.8176
1.3662
-4.5463
-0.87094
-3.2471
1.2459
-0.49894
0.94082
3.0925
-1.8705
4.5369
5.052
1.7671
1.708
1.7856
4.1027
2.5574
0.041241
-0.090273
0.83222
0.50111
0.97408
2.7448
0.47622
4.8809
1.3994
3.4356
1.0623
4.3182
-1.5456
-2.2971
0.09495
9.034
7.3171
4.4633
1.7367
0.88051
1.551
3.0432
6.8005
4.2873
6.6023
-1.2002
-4.3348
1.226
-1.436
3.0255
-1.8099
3.6085
0.81292
3.2403
1.8015
6.4695
-1.0113
1.3254
-2.0625
-2.6231
6.244
1.2885
2.5152
0.38801
3.2198
1.7236
2.7368
-0.4669
1.2826
6.7823
4.5506
2.8855
-0.29816
3.0152
-4.0781
5.2606
1.458
2.4174
8.6903
4.0186
5.7156
5.2384
1.2514
2.1235
2.434
1.2007
1.6054
-3.3209
2.4796
1.842
-2.5457
0.58763
-1.7146
2.8304
-0.85793
3.5434
1.8285
3.7957
4.4857
-1.0087
1.7956
-2.798
-0.33389
2.3335
0.56358
4.8608
-1.3746
0.29852
6.9025
4.6278
-3.4276
2.0771
2.5922
-1.238
8.0428
0.22768
4.6117
5.3673
3.873
2.8398
3.9999
-0.74613
-0.76915
1.336
-4.5636
1.1083
9.6111
3.3327
3.1556
1.686
1.987
0.12818
6.4241
1.2013
3.2541
-0.40198
-0.35464
0.47489
0.31514
-2.1772
2.117
-2.0788
2.5457
3.7877
4.3917
5.004
7.55
-0.21276
-0.23803
5.7519
6.5703
0.9629
0.26157
0.76911
-2.0641
3.0545
4.2708
9.2487
1.2023
1.8135
3.4124
3.1477
9.0983
3.3167
8.3729
4.9389
6.744
-0.6529
6.9162
-0.35343
6.2771
-1.2023
10.543
4.4006
3.0169
1.8053
2.5025
2.6998
2.6832
3.3045
-0.88332
1.0516
3.6655
2.4446
1.1198
4.4244
5.0171
1.3082
-0.6814
5.4891
1.5326
0.50265
7.5852
5.5381
-0.42376
7.5115
-2.7446
4.0638
5.4517
1.5648
-2.5348
0.36561
0.63007
4.2395
2.1719
2.3574
5.191
0.35351
-0.14336
1.4594
-1.7204
-1.2398
1.5859
0.0021344
-0.27738
1.1445
6.137
6.0446
3.0152
2.9448
0.010193
-0.77401
0.27757
5.6424
5.1557
4.832
1.1739
5.2708
2.4238
-1.0501
5.5226
0.25944
0.51764
0.52494
5.7892
-1.3912
3.2194
2.8247
4.3621
4.0863
5.3493
5.4647
1.1505
5.5462
2.6251
5.9879
6.3665
5.0241
1.2793
3.0609
2.5003
2.9466
0.36306
2.5359
2.2605
6.3405
2.9648
-2.9102
-0.39097
3.0779
-1.2193
1.3245
5.6242
4.1411
1.1319
4.5256
0.5178
-0.50398
4.4392
5.285
-3.4112
4.5174
-2.3304
3.4456
7.2702
2.9788
4.8797
0.49899
-0.54148
-2.4013
4.9522
0.90391
5.1671
2.6018
-1.128
4.8344
3.6809
2.5359
-0.23174
-1.6908
5.3452
4.6208
8.7151
5.6015
1.8667
-2.418
0.99715
8.2838
3.6127
3.6152
7.3373
-0.31374
0.85809
-1.1711
5.9146
7.7323
5.6486
-1.7289
4.5432
0.90291
2.9083
0.58926
4.8749
-0.63967
3.4797
7.2554
-0.78982
6.3883
-1.6538
-1.5706
4.7515
1.0869
7.4127
3.9758
5.215
-0.51949
0.31732
8.5808
4.1488
-2.2087
-2.214
-2.8046
1.5347
10.254
-3.2071
2.7201
8.0523
5.2255
8.8657
-2.944
2.0702
0.28384
0.71113
6.1719
0.52428
3.1557
5.9095
3.8796
6.5395
0.43088
5.0508
-2.2346
3.8467
3.5489
1.099
4.1287
-4.8077
7.7959
-0.51328
3.5889
4.1373
-2.5912
0.8796
-2.6431
4.6343
2.5351
5.9408
-0.67337
4.9833
3.0514
1.8382
5.654
-2.2683
0.63304
1.0827
-0.37397
0.80882
9.1229
3.9898
3.1015
2.8809
1.5121
2.6245
4.3622
1.9052
-2.1437
4.1886
-2.0729
3.0791
4.4751
0.87315
3.7126
7.5114
2.6366
1.9227
6.0227
0.49099
7.2847
7.9969
2.9694
4.126
-0.70608
2.0524
7.5197
3.2028
1.8605
7.8926
1.0126
2.1156
2.2354
6.8917
4.4335
1.0055
4.5456
0.80003
7.9098
-4.4355
3.56
5.6339
2.4024
-1.2611
5.1056
0.7433
4.5292
1.5257
4.0917
1.7414
4.9911
0.48493
9.4616
6.1408
4.6168
0.36247
4.632
1.3254
7.554
4.5352
6.475
1.7698
0.87005
3.0815
0.99775
0.16118
6.2787
-0.70436
3.0119
7.2347
-1.1118
5.7895
2.0242
-0.5067
-1.2529
4.1262
11.104
4.5287
1.0636
8.5826
0.18961
1.3176
5.0602
-4.1967
-0.82392
2.8166
3.5689
-0.6003
2.9505
2.7291
2.4172
5.0042
1.2737
3.3973
0.63357
-0.97511
3.4907
-9.4471
0.89467
0.49188
3.5357
3.276
5.5656
0.68752
2.512
1.0992
7.5155
1.9058
-0.41277
7.197
-3.0727
0.35917
-0.52468
0.34233
0.50346
6.5772
3.1486
10.092
0.75078
2.068
2.1721
5.9593
2.9762
2.1308
1.8244
6.3105
3.622
1.4707
2.6439
8.9701
6.8615
1.1545
1.4531
3.842
-0.40815
1.5556
-1.0095
-3.3216
1.0275
1.9426
3.8796
2.0097
-2.9443
4.1427
0.054466
-1.4376
6.2719
3.709
2.4556
2.7985
7.3864
0.74387
0.54984
-2.6084
5.5779
3.9054
3.6856
-0.74294
1.172
2.9288
3.9351
1.1653
-3.4311
-0.57016
2.9914
1.7323
6.9777
-3.1018
-2.0567
3.1614
-1.6496
5.6144
4.219
1.6853
-1.632
2.6699
4.4124
3.3536
1.181
1.7492
6.0972
5.3428
3.9714
-1.7146
-5.5275
-0.38725
-0.50991
0.91805
0.43752
4.1574
0.26085
7.3068
1.9403
2.4725
-3.6837
-0.29625
-5.1575
1.0508
4.3756
6.4493
-2.5888
-3.963
3.4517
2.7186
-0.64368
4.1439
1.9177
3.5009
1.0472
-0.27632
5.1914
5.6084
6.6094
0.94503
0.80557
3.3282
0.51477
3.4994
0.096156
1.6881
-1.9428
-3.4778
2.8187
1.3805
-0.088086
1.992
1.2122
6.1899
1.056
6.0138
0.023603
-0.32385
-3.3037
3.5129
3.4025
7.0968
9.256
6.3478
3.3059
5.3776
2.6128
1.9007
0.55277
4.4688
3.265
-0.97836
3.9824
5.2122
2.2929
2.6773
3.5955
0.010162
0.05932
6.6347
5.3317
5.9352
0.34414
5.4606
5.1497
4.9315
1.5788
2.6493
8.6261
3.7835
-2.2829
1.7876
-3.5859
4.4963
-0.17854
1.9989
3.6031
3.211
-1.9965
0.24966
-0.74017
0.73375
8.1769
3.1415
-2.1278
4.4005
1.245
4.9717
1.1737
2.4841
6.0519
3.2818
6.3759
1.7151
1.8841
3.5724
1.0759
3.3808
4.0092
1.1709
-0.6743
0.98904
1.4238
4.2465
2.3783
5.1636
0.04036
3.6548
4.7792
3.997
0.021608
3.906
0.544
2.3198
0.79958
5.1594
-3.0598
2.8739
1.8557
-0.86969
2.6744
1.1389
5.4568
-3.5308
3.0936
3.9138
-4.059
4.7876
6.1414
4.5788
7.3459
4.2194
-3.6996
-0.88272
6.3784
1.4838
-0.98001
-4.0595
-1.3186
0.18907
4.0471
4.1577
7.2776
5.333
0.010612
2.5887
3.4466
3.9284
-1.3534
0.066616
1.2159
1.9739
7.6135
3.4713
-0.69965
2.6294
2.3684
1.871
6.5797
8.2224
2.7201
3.1645
-1.3518
5.3855
-0.2445
3.0521
3.1325
1.8431
3.7557
2.5094
8.82
6.831
8.8287
5.251
2.6388
2.8904
2.9084
5.0565
1.3695
3.2638
-0.10113
5.3628
0.82009
-1.6848
1.4623
0.71656
-0.28628
0.55147
4.2084
2.0834
-2.4314
6.6464
2.9584
4.595
-1.1075
1.8281
5.753
-1.0749
3.5841
7.1839
0.16767
-3.9019
-3.7621
2.0382
6.5026
1.2994
1.6504
-2.8135
3.2951
2.7243
4.3457
0.17649
6.7231
1.8441
-2.7404
1.6762
6.4863
3.7544
-3.1642
7.6345
4.0075
2.5497
2.2209
1.6959
1.5632
-0.73794
5.7856
2.0146
5.3111
4.1727
2.6527
3.6189
-0.39504
3.8739
7.2937
5.9969
3.3153
3.77
2.2463
-0.65512
0.18181
-0.35108
0.90743
5.3271
5.5072
6.4565
4.1336
5.9448
-3.4795
2.5006
-5.587
5.9283
0.31389
5.3973
4.9489
0.95831
-0.27624
1.3755
1.6725
2.7057
1.4973
3.6341
-0.95671
1.9334
1.2335
1.7819
0.30824
0.71354
2.8153
3.2861
4.3367
1.7652
4.2636
3.541
1.0239
0.86945
4.393
-4.5969
5.8214
4.2662
-1.2722
8.4154
2.0915
5.6447
11.056
0.17083
2.7529
-6.7179
-0.88628
0.59137
5.1866
0.70912
2.8213
1.5669
4.4335
10.336
1.9921
-0.42055
0.68297
0.69671
0.43632
8.6778
2.3566
2.6141
-0.26509
0.65432
4.5757
2.5585
4.7478
2.5622
0.61579
6.9019
2.7167
10.316
5.6101
-2.0662
-1.0946
-0.58658
1.1507
2.3155
4.4978
6.7563
2.8938
2.5362
-0.14203
2.728
3.1355
3.5612
6.557
-1.1413
3.9605
-1.8833
6.0741
10.222
5.2053
-1.5401
2.7419
1.0896
-1.7478
-0.47644
-3.5824
0.35895
5.5907
3.4353
-5.1293
5.7799
4.9908
-1.353
0.15873
3.3842
-1.7516
-0.92996
-0.8115
3.824
2.4694
0.37461
-1.2311
1.2606
-0.53667
6.4669
-3.5995
0.41419
-1.7733
6.2083
4.4074
-0.23541
1.0304
3.6755
3.0347
-5.9019
-3.6838
0.76662
5.8348
3.6176
-0.81137
4.0695
0.22414
-1.241
2.573
1.0011
1.7776
-0.63709
2.3326
0.11637
-0.95002
5.1704
2.2666
-1.5027
6.3351
-0.057814
2.5805
-1.0679
8.1761
8.1763
2.243
0.14161
5.2583
3.3596
2.063
7.1371
5.939
2.8228
4.1234
2.2511
3.4673
4.7217
5.768
-0.31717
2.6517
4.328
-1.6203
1.9725
0.34138
1.4229
3.0961
0.13434
4.7474
2.7706
6.9472
2.0758
1.4771
2.9787
3.9896
5.6845
-0.95359
3.9505
-1.7183
4.3981
-1.1739
2.2654
6.9265
2.7767
0.27857
0.58738
2.5051
3.8804
0.067475
3.605
0.17513
2.3891
3.1069
1.3847
2.1201
4.7701
1.3359
-4.0139
4.1041
-1.0293
3.4773
0.65092
5.4652
-2.1691
0.28846
3.4092
4.2924
2.0994
0.80325
-1.1782
2.7459
-1.519
9.1581
1.5656
3.9614
4.0622
4.8025
0.87837
7.471
3.0306
2.9323
3.0728
5.7224
5.9051
1.8424
-3.703
-0.37484
-2.9296
-1.9814
3.5284
-0.37511
6.3566
4.1848
0.32081
2.1808
5.1161
3.0746
0.19169
7.2754
3.0136
7.6334
5.9027
2.8919
1.4876
-0.54724
6.571
6.4284
2.4101
0.62851
2.7064
0.09664
1.144
1.4032
2.6691
2.1199
5.5195
-0.27699
5.8538
5.6972
4.0274
3.2221
-1.4966
4.5992
2.4882
1.0459
4.219
4.3754
8.5789
2.9069
-2.465
-2.3824
-1.4635
-1.5224
0.65349
5.1431
0.48173
0.091337
-2.5602
3.5877
2.6263
1.2574
2.2698
0.85481
4.1103
8.6824
3.6003
5.7478
3.8256
2.5951
8.9892
-2.7636
0.80347
6.3998
1.5468
3.9096
0.99722
6.6399
4.9774
0.69884
1.4753
0.44263
4.3214
-4.8028
4.9591
-2.6876
-4.0242
1.4698
6.2044
7.3134
6.4137
-1.9667
5.0854
0.67228
-5.2483
5.7059
-1.0192
-1.4718
-2.8496
1.323
6.2472
-2.0454
7.8596
0.66319
1.6661
3.8009
7.1133
-0.2473
7.846
3.8987
-1.8726
-2.1781
0.062444
0.52664
8.0844
-2.2162
11.29
-5.9867
1.4702
1.1522
3.1058
3.5907
-0.37403
3.5477
-2.8596
-0.26795
6.8471
5.1033
-0.81643
6.8777
1.7537
2.4274
3.7277
2.8167
9.2463
2.5051
2.7133
1.4348
-2.0006
3.4628
3.968
3.9434
4.1627
5.3117
-0.02107
3.9774
4.1138
0.96928
2.2179
-0.14089
3.4681
1.2765
8.0515
3.6983
1.3839
0.12084
-5.6947
2.9724
-0.052588
2.9971
-2.2141
4.6481
0.29867
3.5181
0.0041405
2.09
5.9311
2.5052
3.2704
6.0534
0.96821
3.6791
5.5
5.7216
4.2006
10.336
-1.518
-0.22842
3.1802
0.93966
3.7751
-1.8244
2.5387
4.8652
-0.73044
1.2756
-3.7636
-0.20108
3.2158
6.1779
6.0634
3.0706
0.4884
-1.998
4.6729
3.4344
0.61502
1.5644
2.5152
0.0035699
0.25924
1.4485
0.59957
6.4622
3.0012
4.0324
8.7678
1.1908
1.4166
-1.6489
3.7081
0.8406
0.043112
4.2594
-1.8392
-5.4397
7.3297
6.3024
4.3193
-3.2203
1.0842
9.1608
4.756
0.13978
0.62221
1.2147
1.3853
-0.65055
8.2971
5.2277
3.4498
6.8932
-0.53588
2.444
2.6062
-1.2119
4.3219
1.7072
6.1194
4.3902
0.57782
6.5954
5.7809
5.01
4.9321
1.1489
-2.108
4.2998
4.9416
5.3304
-0.84499
0.54753
4.7152
4.5015
4.8631
-0.31742
4.7974
3.4842
4.4716
-5.0924
-0.42244
6.9225
5.6481
-2.7505
0.084961
-4.7793
2.8805
1.941
0.21247
-0.36104
-0.28352
-3.0037
-1.9653
3.7501
2.959
5.6424
3.8664
1.8993
1.334
-1.79
0.39902
1.779
1.2222
-3.1628
-0.23666
-0.98854
3.3061
2.0668
0.65134
-0.84113
-0.74723
-4.4942
6.3989
-0.62504
-5.149
1.1505
4.0015
-0.34521
1.471
2.5844
2.546
5.6918
-2.2062
6.0312
6.6662
3.9343
-0.45738
-1.346
0.84663
1.0078
3.1695
5.103
5.1817
5.3412
2.1573
1.8551
2.7652
3.6492
-0.71263
4.3221
2.1409
-3.0304
0.46543
2.5288
3.6199
4.1572
3.3692
4.5976
2.9792
1.0624
5.48
2.4509
2.06
-1.1827
4.7121
0.0027021
4.888
-1.554
2.992
1.0973
2.0308
-1.8957
0.6205
5.1761
9.2168
4.3834
-3.2579
0.89662
3.5519
0.23216
8.4831
2.1184
6.1552
3.157
2.5192
7.8016
-1.3101
0.80803
-2.4116
3.1309
3.5912
3.9002
5.4888
-1.5658
6.5894
-3.2411
3.9257
-3.5012
4.7267
3.0399
5.9113
4.335
6.1661
0.51606
-2.4671
-3.716
8.3867
5.7003
4.5892
3.8787
-0.63904
2.711
1.5001
3.6655
0.60336
9.7149
-1.4371
4.6515
4.2724
1.4566
11.484
0.99028
1.9143
8.8563
7.383
-2.1695
5.6484
3.576
3.9293
0.62243
-1.6542
-1.8041
-1.2262
0.47972
-1.2392
5.3237
3.0404
2.9742
-1.3556
4.4888
-5.2332
0.37025
4.0865
8.3069
1.0561
4.9057
9.0398
0.42393
0.19462
9.2421
2.6536
5.722
3.2235
4.5485
4.273
3.611
-6.0734
0.70482
0.93905
-0.34529
-0.037972
0.77124
-1.3149
2.4334
-0.076888
0.014696
-2.5992
4.9344
-3.2431
4.6898
2.2906
4.2038
0.34513
3.9109
5.1192
2.9747
2.79
2.3892
1.9005
2.7891
1.2225
-2.8955
5.4999
0.37693
2.0028
1.8061
4.2079
6.807
-4.2563
3.1654
1.082
-1.8125
1.2223
1.8169
8.9932
-2.0947
8.0961
2.3832
4.7955
1.01
-0.86058
4.2751
4.6551
5.0584
1.5857
5.2745
1.7026
6.2538
2.7344
1.5531
-2.7744
9.1869
4.4587
1.0559
2.9104
1.3481
0.41975
-0.16422
-2.3739
6.4202
4.9004
1.7144
1.1492
5.3149
-3.2442
-6.2677
-0.27755
-0.58775
6.5145
-0.26028
-2.8422
-2.284
0.81911
4.3936
-5.4221
0.7287
-0.0053941
5.7967
8.5113
3.9249
4.516
0.38365
-0.78281
2.0382
4.5611
8.9414
3.1053
-0.6378
-0.62334
-1.0696
4.23
3.4453
2.7435
3.744
2.0194
0.68533
3.6149
4.0612
-0.786
-4.681
0.33178
-1.1725
-0.40188
5.2297
0.024063
1.9675
10.916
2.3691
-0.68468
2.9567
-2.0264
0.015521
0.66172
2.3355
5.9215
2.7706
1.7148
2.9844
-1.3027
3.5323
0.41454
3.7731
1.2325
-0.42472
-2.8695
2.781
3.6924
0.55948
-1.7957
-1.2012
5.392
0.081267
3.1496
2.2521
5.2899
0.64497
2.3592
7.5018
4.5148
8.8719
3.0036
4.3734
5.6253
5.234
-0.50142
-3.8687
4.0494
-0.25246
8.694
3.932
4.4152
4.484
5.765
1.3984
2.1025
2.9679
5.478
3.7798
0.73553
5.1647
3.1369
-0.70738
2.3939
-1.0966
0.070956
4.0871
-3.4238
-1.9899
6.505
3.5713
4.2389
5.4402
6.0645
3.2055
4.8448
0.038511
1.4099
1.3138
0.25181
0.72578
3.6487
1.6076
2.7638
1.1134
2.4887
5.175
-2.8641
6.3911
4.0151
6.5739
5.4811
-1.443
1.913
0.89205
-2.0131
7.0897
1.2504
1.5803
5.0766
1.8963
1.9195
3.6825
4.2817
4.7471
4.0697
4.8071
1.1028
-2.9723
8.2174
0.51932
7.0362
6.9372
5.0133
4.3476
2.9012
1.7589
1.0009
0.39215
0.54251
7.3998
-3.8735
1.6817
1.1048
5.0444
3.0876
-0.58896
6.1778
7.0634
3.1568
2.6552
3.439
0.94271
6.4754
-3.2696
6.7337
-0.031608
-0.16505
2.7847
3.3247
3.9469
4.1198
-1.7265
4.4079
4.3514
4.4176
2.8363
3.196
-0.23546
2.2666
4.701
-2.1829
1.1197
-1.6788
6.3143
3.6701
6.1936
1.1845
3.9733
4.1096
5.3874
3.0416
3.8856
-2.6075
5.9831
0.81552
0.25562
-2.6945
2.5952
2.5341
3.3525
4.2219
1.3951
5.522
0.94085
-1.3291
1.063
0.21928
2.7781
3.5867
-1.0841
3.1832
0.76352
5.019
0.10645
2.04
0.7774
1.5246
3.8754
0.090475
-1.8496
-0.64625
-1.743
3.7246
2.9116
4.5101
-0.046019
3.3373
0.56507
4.1257
4.0047
2.8835
8.065
-0.89092
1.658
2.3193
2.8622
4.5343
6.6
0.3008
2.7918
-3.7443
-2.6503
2.7018
2.2342
0.41789
-2.4161
1.1591
5.5907
3.3769
-0.20768
2.1771
5.543
4.3597
-4.5553
3.0069
4.678
1.8169
-1.1356
2.7666
3.6202
0.88439
1.3499
2.2676
3.6268
3.3689
4.2125
1.4104
-0.30239
4.7232
4.2959
-0.40758
3.7637
4.2135
0.33954
6.4733
2.7559
-1.8861
3.2367
5.7391
0.12116
1.5512
6.3971
4.6565
1.5569
1.0498
3.6093
3.7455
3.2421
0.16346
2.5386
3.822
6.693
6.3652
1.87
1.4745
1.3463
8.0642
5.5805
7.7455
2.728
4.5922
-2.7597
-1.5433
2.7128
-0.48044
-2.4113
1.6522
5.386
0.67021
1.5436
9.1201
7.4713
-0.018161
2.3418
-4.4134
3.8215
2.5847
3.4395
6.3348
4.0184
-1.9303
-2.557
2.8537
0.41205
-0.5313
-4.4408
0.089979
4.8571
0.33565
2.2835
0.38479
2.9778
1.8905
5.982
-0.94227
3.394
2.7536
-2.9495
3.2437
-0.8594
-1.7318
2.0585
5.8269
3.7982
6.8168
1.051
2.3205
3.8324
4.9458
0.25767
1.0575
1.9936
2.1032
3.2302
3.5039
1.1787
2.9383
4.92
-1.2981
0.73753
-4.8151
6.123
5.3121
0.81934
0.82964
8.7936
2.8995
-2.4725
6.0006
3.5789
5.9917
6.2334
-4.761
1.54
9.4728
2.3814
0.63115
2.5281
6.2205
2.0486
7.0093
-0.11157
-1.6243
0.082942
0.60599
2.9234
8.0901
-1.6754
-3.2143
-0.12307
-2.6718
2.8067
2.0229
-0.42686
4.0014
-1.9866
1.5413
3.0962
1.6519
2.5469
0.98726
0.53642
1.4735
2.3466
0.60988
2.5276
4.8797
-4.2399
0.84619
2.5573
2.083
7.8797
4.9874
3.9886
4.4981
-0.79742
4.2749
1.3703
-3.5858
-4.1588
4.5384
0.35074
2.229
1.292
-0.82048
0.68979
3.5485
-4.429
3.218
-0.42778
5.0307
2.139
1.8424
-0.61619
-1.0739
5.6892
-0.84893
5.3871
5.4541
2.5748
3.8188
1.1148
0.72867
6.1792
-5.6163
1.0708
1.6172
-0.047899
6.4387
2.1566
3.8882
0.91037
3.2394
-5.0454
6.0198
4.479
0.10478
5.1455
5.3276
-1.4703
4.313
3.1881
0.70377
2.0316
7.8743
1.7556
0.17078
4.1145
5.4235
2.1304
1.6121
5.5413
7.3584
1.617
4.4714
-3.3782
0.19055
0.33343
-1.8576
2.4209
-0.21809
-0.78614
5.6309
2.5706
5.7257
3.2121
7.8685
4.1558
4.2556
5.112
-0.31928
-0.85125
5.5278
5.0096
-0.14899
1.9803
2.2573
4.0445
3.3285
-2.1002
5.1589
2.5886
2.8959
3.2167
2.9124
1.4808
-0.69565
1.416
1.0482
4.7907
9.5144
0.20289
4.8299
3.5935
2.7628
4.5504
3.7166
2.6473
-1.5676
-0.036066
6.461
4.7132
3.709
6.2698
3.643
2.5316
1.3983
0.77197
2.0616
-2.227
1.4414
6.4172
1.7881
2.8298
3.1225
8.8982
-0.84259
-1.7823
4.221
4.7627
0.66812
-0.4538
1.7322
0.159
3.7917
2.9035
-7.6953
2.6719
-0.65653
0.046619
2.9681
0.43889
-1.7155
1.7053
0.061452
0.99749
-2.7401
4.9793
1.5979
2.6441
-1.3136
1.8277
6.1502
2.0526
5.6732
3.9958
2.8284
2.3516
1.4478
5.239
3.9287
-1.6847
6.484
2.3964
4.489
3.8307
6.0726
-0.54943
1.7361
1.374
6.7218
9.2657
1.2224
3.6229
-1.8987
1.9364
-0.49371
3.6853
8.3636
2.1998
3.4628
5.2726
-0.53592
-2.5226
2.1925
-0.29058
6.3419
6.5959
0.27019
6.1578
-1.6476
3.4583
2.4767
2.2185
0.61095
-0.79664
1.3777
3.8188
3.2677
5.4107
0.40197
-0.48051
2.8284
0.96817
5.1382
-2.0513
0.74922
2.5776
0.59962
-0.65904
5.5181
4.9757
7.3864
4.2177
0.63996
1.4733
3.3776
5.8323
1.7264
-2.735
-0.72178
4.2384
2.3142
5.1005
3.5859
-1.9489
6.0588
-1.4544
2.0526
2.694
3.5629
6.629
5.4415
-0.66191
-0.58087
5.3666
4.186
2.8405
2.1676
4.0783
0.89813
8.7499
2.1684
2.2045
1.1854
3.0005
2.7268
-0.41804
5.092
0.26135
-0.35516
3.7185
0.88828
1.4202
-2.0734
0.38658
4.1734
1.6344
2.1525
-0.69966
-2.7567
-0.20242
0.68918
0.98444
5.4878
1.3931
6.1929
6.8483
2.7457
0.70742
2.6224
1.037
1.6244
4.4387
4.6361
-1.5601
-1.0678
6.0713
0.80965
0.63744
6.8589
4.639
6.0179
0.7547
7.2002
0.96389
2.6568
-0.26658
2.7708
1.4275
3.6932
-1.1451
-1.1544
-0.47679
0.027478
-0.26777
0.62677
-2.5165
-0.38242
-3.9468
-2.5994
3.5765
-1.1518
1.8954
0.08161
4.7146
-4.7448
2.3405
6.947
5.0142
4.3087
1.0716
12.455
2.0078
5.3955
7.4493
1.5036
2.3815
1.2203
-0.73856
4.4906
2.0544
-3.3797
2.161
5.6066
1.7111
3.6055
1.7899
-3.8215
0.71885
1.6821
-2.2393
-3.4158
4.5549
3.463
-0.048326
-2.8073
5.5313
5.1788
0.50888
2.0841
3.7423
1.5176
2.7795
7.9287
2.2889
6.0894
5.015
0.052099
6.0912
0.45568
3.6235
2.2106
1.2307
5.6816
3.8264
1.8264
4.8352
4.2176
4.5174
2.3082
-3.2707
3.3503
5.8213
0.95454
0.41396
2.0077
3.8729
3.3166
1.0455
6.8678
-1.6733
-1.8719
9.7629
3.3314
5.4532
-0.24716
1.8439
7.5517
2.066
0.73375
2.4889
-4.3683
4.9948
0.59294
-0.71692
0.83528
1.3265
0.21403
-3.7202
-0.11612
2.0839
-0.63279
0.56814
1.2611
2.7495
2.5161
0.45917
-1.2463
-1.3925
3.4697
0.86632
4.1176
3.922
5.101
4.1767
1.42
2.4903
3.1775
2.0437
-0.72044
0.88804
7.7216
1.0021
-1.1877
2.6907
1.1409
7.102
4.0738
3.7745
0.35729
5.2783
-0.071358
5.9817
-4.3042
6.7625
0.18883
1.7461
1.8687
3.2356
3.1747
7.1525
2.0533
3.0565
3.9849
3.0837
1.5666
4.1003
-0.47308
1.1437
3.8199
2.3909
4.2266
0.77861
-0.16608
2.3991
1.6815
-2.0448
2.2154
2.0643
-2.3377
-3.9514
0.72235
7.1911
3.5671
8.3017
-0.65552
2.5397
-1.0686
7.4108
-1.3554
2.8335
3.759
-0.863
5.7858
0.31101
-1.6741
2.6619
1.6298
2.4352
0.89497
5.5813
2.5294
4.1187
-2.1046
5.8041
0.66491
5.9765
-0.9512
2.6238
-5.1063
0.41381
4.6415
3.0863
5.7716
3.7382
-1.4271
3.5905
2.1736
7.7019
3.8893
5.2564
3.765
0.97074
4.4512
4.6765
5.0998
1.6031
-1.9668
4.2104
0.73824
5.9696
0.81069
6.4926
7.6694
-0.70292
3.9969
5.2677
3.3203
-0.47298
-1.709
5.9769
3.4136
-2.437
-1.0737
5.3701
0.43832
5.2107
5.2358
-0.057269
5.6993
4.686
-2.3207
3.2729
4.7437
5.1288
0.98161
5.1146
-1.6213
-0.71948
2.7036
1.8248
0.9757
5.1238
4.7012
0.46077
0.51385
6.2104
3.8576
0.86785
-1.5951
3.0043
0.72649
-1.0032
1.987
2.2935
2.6146
0.3875
2.6183
2.4546
2.0325
2.5668
1.2175
6.3121
3.9393
-0.10176
6.8974
-3.2456
0.87556
4.7163
7.5665
0.50664
8.5547
6.9528
5.1215
1.7613
2.4537
7.7263
6.4671
3.2475
2.8649
6.9766
4.2793
2.4346
2.8576
3.9283
0.53802
1.0346
-0.027957
3.3517
1.76
3.7274
-1.3454
0.10903
5.2053
3.2098
6.6896
5.4782
2.28
3.8815
2.0776
1.3896
-0.56849
4.2034
4.446
1.6484
1.8781
2.9386
4.7762
-1.4981
1.9636
3.9526
3.9923
4.6779
3.2081
1.3983
0.58401
6.3018
4.2753
5.1359
6.4851
2.6826
1.3691
3.023
4.1884
-3.0007
4.9016
-2.7619
1.9684
1.6144
-3.5438
0.93352
3.7955
4.8042
-0.59705
-1.6237
6.3749
2.5514
0.42776
1.3551
0.43049
3.1457
4.2999
-2.6545
-3.5871
2.1656
1.1226
6.5122
1.6331
1.4453
-0.83872
6.6968
5.6387
1.3023
1.1916
4.4995
-1.2834
0.95529
0.64479
1.9436
9.8464
-1.5034
-2.2244
7.2063
2.1362
4.1801
-0.95742
0.078996
2.7949
0.95943
6.9515
3.9422
0.92999
0.27934
1.1325
4.427
4.1003
4.7103
-1.1206
1.1737
5.6994
-2.1572
3.676
-0.77551
4.833
1.3312
7.6074
1.7124
4.305
-1.0759
1.0981
3.349
-5.3758
2.3623
0.12102
0.95933
2.9018
7.8562
-1.3019
1.3149
0.60538
0.93946
3.2883
4.6076
2.5475
-0.70148
0.082994
4.6997
1.9652
3.3453
5.1857
4.3956
-2.2694
4.8472
0.73592
4.0697
0.4459
3.2761
-1.5679
6.9308
-2.1076
-2.1202
-0.86637
2.1529
4.8996
2.296
3.0903
-0.64514
1.2415
3.8037
9.0588
0.56743
-2.4634
-1.1266
3.7931
5.4573
6.2418
5.6323
3.2204
5.9778
4.4659
3.4898
5.2037
-0.543
-0.068366
2.3766
0.99068
0.16239
5.7372
1.0767
4.4945
-2.9494
4.8364
0.58566
-4.4822
0.44553
1.4996
5.3972
3.5358
0.71118
2.8591
1.5358
2.0915
4.794
4.3762
-2.3682
6.1333
5.2953
1.9814
-0.38865
1.6682
2.9295
-2.1621
1.0663
2.3169
4.1456
5.1875
5.9505
7.5432
-0.31808
-0.84339
6.3134
-2.1351
-0.16215
5.5049
-2.465
4.5511
5.5093
-1.0274
4.8132
-3.0022
0.32715
2.2206
1.3979
3.3443
2.7745
4.9008
-1.2321
0.81767
6.5469
3.6783
3.0661
2.2649
6.6451
8.5908
-1.4124
3.0296
6.0775
3.5884
-5.737
-0.016994
0.92504
1.5381
6.1076
8.4089
3.736
5.083
6.0135
0.76309
0.23457
2.7199
3.9201
-1.2748
4.6551
1.6611
0.5139
5.3782
2.6354
1.3003
1.3256
1.2531
5.3123
-3.0281
0.8654
-3.5412
5.2006
-1.9142
-0.18423
-0.66356
5.4454
2.1069
1.588
0.52741
4.8169
-1.9039
0.30562
4.1082
-2.5889
2.3459
0.87157
7.5359
5.7043
2.3442
3.3255
1.5232
11.764
1.7153
-3.7434
0.52518
0.93686
-2.4828
3.1413
6.4745
0.75273
-1.5873
0.091961
3.2853
1.9147
-3.5738
3.9862
4.0485
-3.1264
2.7957
4.5658
3.9959
1.0358
5.0299
-1.6403
-3.6202
5.3302
2.6275
4.3478
-0.38267
7.1406
0.53
4.2927
-1.0786
-0.68988
-0.42051
1.4555
3.6461
5.3534
5.2964
4.0997
4.0643
1.5258
0.50585
2.0589
3.9134
0.5143
7.3153
7.0279
4.6418
3.8615
-0.31808
-5.0134
-0.12247
-1.7747
4.61
7.1859
3.1782
1.0659
-0.72905
0.6566
4.402
2.212
7.9405
-0.30077
-5.7868
2.7285
-0.78239
3.8843
2.7491
6.8757
-3.2105
3.6627
4.3835
-1.6038
5.4832
8.9558
2.8985
5.4212
2.877
-2.2526
4.0141
0.76753
1.2851
3.7534
4.665
-2.6681
7.1786
4.3802
1.5837
5.1942
-0.59174
2.4625
4.9328
1.217
1.5569
-0.34081
3.1622
1.4232
1.7197
7.4459
3.8101
0.60561
3.7262
-3.4977
-3.1351
0.43556
-0.69521
0.94294
4.8439
3.2943
-3.2052
1.2984
7.8668
0.014691
-6.0706
-4.274
-1.4162
4.3793
0.41321
2.9956
1.7236
0.89188
6.7131
-2.096
-1.7916
1.3526
5.0648
5.7187
-3.775
3.9799
-0.16805
1.3994
-3.5868
1.1065
-0.37742
-0.035284
6.631
5.7595
3.8895
-1.359
-1.4265
3.1719
-3.593
2.0053
-0.010447
3.3998
-1.3337
1.7398
-3.0953
2.4995
1.5886
-2.9419
1.6956
2.5939
-0.40261
4.7169
0.22224
-3.3646
1.1523
-0.64568
0.13287
-2.2929
4.7328
-1.8496
1.8821
1.4069
3.883
-0.67502
3.4854
4.9984
1.5627
0.98586
3.6257
1.9537
7.9434
2.6766
-3.9129
4.364
4.3002
-0.96576
0.31672
4.7129
-0.67848
0.55748
2.9536
-1.2181
2.9899
2.1225
7.5217
3.5953
0.42206
4.9315
0.7971
5.4528
-2.3501
5.4189
3.5308
4.1122
1.0326
4.5111
2.064
3.2439
0.30382
4.5495
2.0722
4.647
4.4754
-0.58594
-1.556
-0.76667
-0.5123
-0.97456
-0.22754
2.0774
0.079148
5.1797
3.2667
5.7044
3.623
4.228
