2376206
1857160
1534042
1380145
1362755
1127803
1072335
858289
804240
783051
775072
762394
720370
710696
706372
698671
672711
666125
644368
639515
621536
605860
597718
593542
548369
509930
503028
501307
488521
473568
465948
463368
441242
440367
438986
420091
413477
413351
413086
412236
411770
388987
371953
367433
366215
362548
351848
342237
335663
325169
324246
317848
317070
312899
312615
311754
310125
300501
299463
294795
294403
276400
275041
270097
267443
265916
264752
263590
260385
254779
254121
253771
251772
249533
247299
242432
240751
239055
236713
233224
232511
231065
229390
228756
224824
223494
221040
220902
219961
217642
216553
215640
215432
214683
213737
212905
212644
210879
