4 0
6 0
6 0
7 0
7 1
9 1
10 1
10 2
10 2
10 3
10 3
11 4
12 4
12 4
12 4
12 5
12 5
13 5
14 5
15 5
15 6
15 6
16 7
16 7
18 7
18 8
18 8
18 8
19 8
19 9
19 9
20 9
20 10
20 10
20 11
21 11
21 11
21 13
21 14
21 15
22 15
22 15
22 16
22 16
22 16
22 17
23 17
23 18
23 18
24 18
25 19
25 19
25 19
25 20
27 20
27 21
27 21
28 22
28 23
30 23
30 23
30 23
30 23
30 24
30 24
31 24
31 25
32 25
32 26
33 26
34 26
34 28
34 28
34 28
35 29
35 30
36 30
36 31
36 31
36 33
36 34
36 34
37 35
38 35
38 36
38 36
39 37
39 37
39 37
40 38
40 38
40 38
40 38
41 39
41 40
42 40
42 41
42 41
42 42
42 43
43 44
44 45
44 45
45 45
45 45
45 45
45 45
45 45
45 45
45 45
45 45
45 45
45 45
45 45
45 45
