56271872
33950064
29944184
25956096
17420636
11764797
11073318
10078245
8799755
8397205
8058110
7725512
7557477
7097981
7037543
6139336
6048903
5741803
5662527
5202501
5113263
5091841
5061050
4580906
4346500
4228287
4108111
4015425
3971997
3894211
3703342
3415846
3340398
3323884
3277699
3224178
3027134
2832569
2820265
2802481
2641417
2637136
2509917
2491655
2472663
2400858
2357654
2320022
2241145
1980046
1961200
1951102
1899787
1875351
1792712
1703963
1680164
1665366
1658553
1605908
1602329
1573117
1571110
1533530
1508779
1498473
1476767
1462382
1449681
1424595
1414687
1400642
1373270
1318367
1317723
1280625
1273589
1255636
1210074
1192154




















